0.999763012 0.004656967 -0.021261338 0.546642661 -0.005029000 0.999834359 -0.017478198 0.356270134 0.021176457 0.017580805 0.999621212 -0.953304946
0.999763846 0.004670575 -0.021218505 0.546629369 -0.005044561 0.999832153 -0.017606072 0.356319636 0.021132743 0.017708780 0.999619901 -0.953272760
0.999761045 0.004667202 -0.021350672 0.546688676 -0.005040144 0.999834895 -0.017446877 0.356244087 0.021265751 0.017550146 0.999619842 -0.953352451
0.999762595 0.004433532 -0.021332011 0.546682954 -0.004805370 0.999836743 -0.017411197 0.356249928 0.021251367 0.017509395 0.999620855 -0.953385830
0.999763608 0.004512913 -0.021263411 0.546635211 -0.004886279 0.999834061 -0.017539775 0.356198907 0.021180760 0.017639356 0.999620080 -0.953406572
0.999763489 0.004692912 -0.021230299 0.546723008 -0.005063405 0.999835134 -0.017430753 0.356225371 0.021145023 0.017533928 0.999622762 -0.953332961
0.999763489 0.004951389 -0.021174761 0.546664655 -0.005319872 0.999834716 -0.017380800 0.356259495 0.021085227 0.017489137 0.999624789 -0.953201830
0.999764681 0.004833956 -0.021143220 0.546668053 -0.005203081 0.999834299 -0.017437875 0.356247962 0.021055449 0.017543582 0.999624491 -0.953152001
0.999762475 0.004808648 -0.021253243 0.546606958 -0.005180829 0.999833465 -0.017491108 0.356200546 0.021165622 0.017596863 0.999621212 -0.953174293
0.999762952 0.004224326 -0.021353904 0.546700001 -0.004596862 0.999837399 -0.017426755 0.356219918 0.021276848 0.017520612 0.999620140 -0.953341424
0.999761164 0.004687784 -0.021345336 0.546670496 -0.005060554 0.999834895 -0.017443091 0.356210202 0.021260075 0.017546833 0.999620020 -0.953352749
0.999759436 0.004827322 -0.021394335 0.546710670 -0.005199722 0.999835193 -0.017384995 0.356213659 0.021306919 0.017491946 0.999619961 -0.953413069
0.999761701 0.004764654 -0.021303680 0.546631515 -0.005134446 0.999836385 -0.017337011 0.356209487 0.021217622 0.017442152 0.999622762 -0.953543723
0.999762833 0.004730032 -0.021259457 0.546627641 -0.005098661 0.999836922 -0.017318698 0.356211007 0.021174105 0.017422874 0.999624014 -0.953468919
0.999762475 0.004728185 -0.021275481 0.546631992 -0.005098735 0.999835551 -0.017396113 0.356249422 0.021189764 0.017500348 0.999622345 -0.953548610
0.999761999 0.004689764 -0.021304095 0.546700120 -0.005059695 0.999836564 -0.017343789 0.356327951 0.021219287 0.017447203 0.999622762 -0.953223407
0.999762893 0.004777346 -0.021242693 0.546685219 -0.005140250 0.999841034 -0.017062094 0.356179953 0.021157816 0.017166993 0.999628961 -0.953377187
0.999765933 0.004429044 -0.021176931 0.546737671 -0.004804020 0.999831855 -0.017688584 0.356321275 0.021095056 0.017786065 0.999619305 -0.953161120
0.999763489 0.004401858 -0.021294773 0.546632707 -0.004763900 0.999844253 -0.016980765 0.356155246 0.021216720 0.017077945 0.999629200 -0.953365147
0.999763370 0.004531533 -0.021274418 0.546734571 -0.004894712 0.999842465 -0.017050380 0.356200516 0.021193814 0.017150229 0.999628484 -0.953460157
0.999763191 0.004652504 -0.021251861 0.546588659 -0.005022850 0.999835730 -0.017406374 0.356272280 0.021167411 0.017508835 0.999622703 -0.953261852
0.999762177 0.004162191 -0.021401968 0.546763182 -0.004530752 0.999841690 -0.017201206 0.356194675 0.021327008 0.017293919 0.999623060 -0.953336298
0.999763370 0.005005084 -0.021166494 0.546608567 -0.005375599 0.999832630 -0.017483793 0.356312633 0.021075469 0.017593239 0.999623179 -0.953259468
0.999762535 0.004672369 -0.021280911 0.546679676 -0.005044291 0.999834776 -0.017456338 0.356227487 0.021195857 0.017559338 0.999621212 -0.953379691
0.999759078 0.004010355 -0.021577824 0.546804070 -0.004377848 0.999845624 -0.017010745 0.356080234 0.021506298 0.017100949 0.999622524 -0.953434765
0.999763727 0.004617956 -0.021233745 0.546621442 -0.004989844 0.999834418 -0.017493725 0.356269002 0.021149483 0.017595261 0.999621689 -0.953377187
0.999760926 0.004780877 -0.021328818 0.546589613 -0.005153069 0.999834716 -0.017428694 0.356245041 0.021242008 0.017534154 0.999620795 -0.953285515
0.999762118 0.004645872 -0.021304222 0.546509504 -0.005016871 0.999836028 -0.017393276 0.356259048 0.021219959 0.017495736 0.999621928 -0.953432918
0.999764562 0.004503505 -0.021220749 0.546583891 -0.004873315 0.999836504 -0.017407300 0.356308013 0.021138908 0.017506456 0.999623358 -0.953334868
0.999765098 0.004583215 -0.021177128 0.546718597 -0.004951192 0.999836981 -0.017356372 0.356247991 0.021094151 0.017456982 0.999625146 -0.953235269
0.999762654 0.004601106 -0.021292323 0.546712041 -0.004973095 0.999835134 -0.017451018 0.356257945 0.021208543 0.017552614 0.999621093 -0.953421056
0.999767184 0.004769818 -0.021043185 0.546642184 -0.005138410 0.999833524 -0.017497091 0.356257349 0.020956250 0.017600996 0.999625564 -0.953163922
0.999762774 0.004531627 -0.021298893 0.546597540 -0.004901449 0.999837399 -0.017343299 0.356255233 0.021216862 0.017443417 0.999622822 -0.953448713
0.999764800 0.004449237 -0.021219641 0.546613395 -0.004819770 0.999836147 -0.017441927 0.356267035 0.021138601 0.017539814 0.999622881 -0.953532994
0.999762714 0.004591329 -0.021286139 0.546692550 -0.004961188 0.999836981 -0.017354630 0.356311560 0.021203028 0.017455833 0.999623001 -0.953208089
0.999762833 0.004489571 -0.021303009 0.546648443 -0.004860712 0.999836683 -0.017401755 0.356252253 0.021221440 0.017500997 0.999621749 -0.953419387
0.999760449 0.004416340 -0.021431230 0.546779037 -0.004786937 0.999839306 -0.017271416 0.356251270 0.021351546 0.017369689 0.999621272 -0.953458488
0.999764204 0.004228220 -0.021289906 0.546646416 -0.004600591 0.999836683 -0.017471220 0.356282979 0.021212596 0.017564764 0.999620914 -0.953375936
0.999763787 0.004590161 -0.021245757 0.546724737 -0.004961704 0.999834955 -0.017468078 0.356266230 0.021162102 0.017569255 0.999621689 -0.953165650
0.999765813 0.004550104 -0.021158872 0.546647131 -0.004920160 0.999835134 -0.017470093 0.356215239 0.021075925 0.017569996 0.999623537 -0.953320026
0.999762416 0.004417673 -0.021344593 0.546575069 -0.004788859 0.999837637 -0.017369777 0.356278896 0.021264423 0.017467678 0.999621391 -0.953404486
0.999761701 0.004121565 -0.021437751 0.546807647 -0.004494521 0.999838889 -0.017377501 0.356391132 0.021362703 0.017469523 0.999619246 -0.953137696
0.999763548 0.004747498 -0.021221351 0.546670079 -0.005120998 0.999832213 -0.017580360 0.356322438 0.021134360 0.017684765 0.999620259 -0.953325868
0.999762535 0.004763878 -0.021258069 0.546714604 -0.005138767 0.999831557 -0.017615052 0.356394559 0.021170598 0.017719910 0.999618948 -0.953101397
0.999762952 0.004487418 -0.021297049 0.546635330 -0.004857178 0.999837756 -0.017341420 0.356243789 0.021215813 0.017440470 0.999623001 -0.953263700
0.999760866 0.004483945 -0.021397740 0.546689928 -0.004858143 0.999835432 -0.017467141 0.356187046 0.021315919 0.017566739 0.999618590 -0.953497589
0.999760568 0.004607365 -0.021388635 0.546616256 -0.004983185 0.999833465 -0.017550299 0.356234342 0.021304235 0.017652502 0.999617338 -0.953366220
0.999762714 0.004350564 -0.021338070 0.546690524 -0.004723755 0.999836087 -0.017468981 0.356081367 0.021258596 0.017565446 0.999619842 -0.953559399
0.999763131 0.004208996 -0.021340605 0.546656251 -0.004582497 0.999836504 -0.017481631 0.356146187 0.021263583 0.017574865 0.999619603 -0.953574181
0.999763787 0.004221905 -0.021312077 0.546656966 -0.004594922 0.999836385 -0.017481800 0.356180668 0.021234892 0.017575046 0.999620140 -0.953516722
0.999763966 0.004225273 -0.021315629 0.546613514 -0.004596937 0.999837399 -0.017414754 0.356165469 0.021238701 0.017508350 0.999621153 -0.953462899
0.999763846 0.004186817 -0.021328766 0.546605110 -0.004557943 0.999838233 -0.017378183 0.356219590 0.021252675 0.017471110 0.999621391 -0.953405201
0.999763131 0.004239799 -0.021341009 0.546654403 -0.004610942 0.999838352 -0.017367324 0.356293201 0.021264024 0.017461216 0.999621749 -0.953282177
0.999762714 0.004150571 -0.021376086 0.546691537 -0.004522577 0.999838650 -0.017378232 0.356297493 0.021300664 0.017470237 0.999620676 -0.953296185
0.999762118 0.004284316 -0.021380909 0.546718717 -0.004658806 0.999835908 -0.017489742 0.356336653 0.021302650 0.017584862 0.999618649 -0.953366041
0.999761581 0.004430851 -0.021402769 0.546657205 -0.004805943 0.999835730 -0.017488420 0.356324017 0.021322196 0.017586231 0.999618053 -0.953351736
0.999759614 0.004388631 -0.021498242 0.546746254 -0.004765404 0.999835789 -0.017489482 0.356294066 0.021418354 0.017586790 0.999615967 -0.953353882
0.999758303 0.004426226 -0.021540018 0.546894014 -0.004805468 0.999833524 -0.017580869 0.356232136 0.021458631 0.017679831 0.999613523 -0.953398407
0.999756277 0.004354336 -0.021645477 0.546836913 -0.004734823 0.999834299 -0.017552957 0.356248498 0.021565484 0.017650828 0.999611676 -0.953401864
0.999761462 0.004187062 -0.021436488 0.546809256 -0.004563468 0.999835432 -0.017535495 0.356189579 0.021359563 0.017628770 0.999616563 -0.953373611
0.999760032 0.003865232 -0.021554366 0.546772718 -0.004243440 0.999837220 -0.017522968 0.356177628 0.021483183 0.017609809 0.999614060 -0.953358948
0.999761760 0.004534529 -0.021348771 0.546841323 -0.004909442 0.999833882 -0.017534574 0.356235743 0.021265777 0.017635053 0.999618471 -0.953403056
0.999758840 0.004804257 -0.021428987 0.546831071 -0.005182228 0.999831080 -0.017609427 0.356207848 0.021340832 0.017716149 0.999615550 -0.953356028
0.999754667 0.005135858 -0.021535955 0.546840787 -0.005514216 0.999830902 -0.017537063 0.356265157 0.021442333 0.017651279 0.999614537 -0.953374982
0.999755263 0.004404336 -0.021667361 0.546724677 -0.004785133 0.999834299 -0.017545195 0.356262118 0.021586603 0.017644119 0.999611437 -0.953356802
0.999757528 0.004344806 -0.021599945 0.546753585 -0.004724405 0.999834657 -0.017527495 0.356380671 0.021520576 0.017624667 0.999613523 -0.953162670
0.999939561 0.003785049 -0.010314797 0.343468785 -0.004037506 0.999689817 -0.024565250 0.846766829 0.010218660 0.024605270 0.999645233 -1.101995230
0.999936402 0.003780684 -0.010617319 0.343290418 -0.004040410 0.999690235 -0.024548283 0.846914709 0.010521260 0.024589483 0.999642491 -1.102558255
0.999937892 0.003609791 -0.010536390 0.343067795 -0.003865802 0.999695063 -0.024379177 0.846750915 0.010445213 0.024418255 0.999647439 -1.102312326
0.999938428 0.003633037 -0.010483456 0.343472511 -0.003889025 0.999692023 -0.024501784 0.846673906 0.010391251 0.024540905 0.999645054 -1.102236390
0.999933541 0.003878527 -0.010851060 0.343383193 -0.004143848 0.999690175 -0.024536163 0.846758068 0.010752573 0.024579357 0.999640286 -1.102291346
0.999931335 0.003129302 -0.011292704 0.343496203 -0.003407057 0.999689937 -0.024661094 0.846850455 0.011212061 0.024697721 0.999632180 -1.101886511
0.999916434 0.001470784 -0.012842203 0.343402237 -0.001788561 0.999691486 -0.024768345 0.846700013 0.012801844 0.024789093 0.999610782 -1.101727486
0.999879062 0.003464221 -0.015162999 0.343068957 -0.003863269 0.999644816 -0.026367437 0.846191406 0.015066301 0.026422672 0.999537408 -1.101650476
0.999820650 0.005230593 -0.018193528 0.342426091 -0.005656723 0.999708831 -0.023449846 0.845929444 0.018065616 0.023548417 0.999559700 -1.101901412
0.999809742 0.008935524 -0.017336057 0.341812938 -0.009271684 0.999768436 -0.019408194 0.844784379 0.017158665 0.019565094 0.999661505 -1.101788044
0.999761105 0.009335077 -0.019803230 0.341018409 -0.009608489 0.999858320 -0.013757139 0.841344535 0.019672059 0.013943970 0.999709487 -1.103678465
0.999688089 0.006022875 -0.024266526 0.339919746 -0.006368888 0.999877989 -0.014207291 0.834538221 0.024178054 0.014357251 0.999604821 -1.106082201
0.999551296 0.003622548 -0.029732430 0.339657277 -0.004255252 0.999765158 -0.021244276 0.825681806 0.029648520 0.021361109 0.999332190 -1.109897375
0.999345243 0.000622226 -0.036176160 0.339119881 -0.001773476 0.999492526 -0.031800024 0.812589467 0.036138050 0.031843204 0.998839438 -1.113415480
0.999104559 -0.001820640 -0.042269584 0.338812202 0.000015368 0.999089122 -0.042669591 0.796966016 0.042308804 0.042630583 0.998194754 -1.119636059
0.998819888 -0.003137300 -0.048478056 0.338175535 0.000787274 0.998825788 -0.048419774 0.777915657 0.048573162 0.048324466 0.997650027 -1.126213908
0.998373270 -0.005617836 -0.056748606 0.338299155 0.002793670 0.998758197 -0.049723852 0.757982373 0.056957603 0.049484428 0.997149587 -1.133760333
0.997760415 -0.010725738 -0.066033036 0.338607192 0.007736330 0.998939753 -0.045361955 0.736394346 0.066449687 0.044749502 0.996785879 -1.141118526
0.997169077 -0.017203506 -0.073204711 0.338736534 0.014448367 0.999172211 -0.038000658 0.714326560 0.073797986 0.036835387 0.996592700 -1.149238110
0.996261477 -0.025793228 -0.082455568 0.338822067 0.023128571 0.999183118 -0.033109758 0.691415787 0.083242342 0.031078890 0.996044636 -1.156839013
0.995580435 -0.028928237 -0.089347571 0.338548660 0.026065113 0.999112546 -0.033047974 0.670243561 0.090224497 0.030572981 0.995452046 -1.165108085
0.995278060 -0.025111448 -0.093762077 0.338284612 0.021448929 0.998973429 -0.039868154 0.647550106 0.094667181 0.037668727 0.994796157 -1.171272993
0.994872928 -0.019717263 -0.099192880 0.337653130 0.014824811 0.998646796 -0.049820945 0.624615252 0.100041211 0.048094932 0.993820190 -1.177216530
0.994034350 -0.018269476 -0.107527241 0.337140173 0.011855979 0.998127520 -0.059985884 0.599772513 0.108422056 0.058353137 0.992390871 -1.185282707
0.992710590 -0.024761500 -0.117952533 0.336931944 0.016614664 0.997438252 -0.069558576 0.575342774 0.119372964 0.067091748 0.990580082 -1.193911314
0.991248310 -0.036630318 -0.126829952 0.336112678 0.026706632 0.996509433 -0.079079688 0.550587595 0.129284173 0.075000346 0.988767028 -1.200643539
0.989958704 -0.049179606 -0.132529184 0.337238282 0.037671074 0.995407879 -0.087988742 0.525726676 0.136248067 0.082112640 0.987265766 -1.207093596
0.989385247 -0.055407152 -0.134342164 0.338963509 0.042666458 0.994472146 -0.095929921 0.502757251 0.138914973 0.089179680 0.986280560 -1.214037299
0.989087641 -0.059196237 -0.134915546 0.340865940 0.045587394 0.993756771 -0.101818226 0.485466480 0.140100732 0.094556652 0.985611796 -1.218178988
0.989202619 -0.059562862 -0.133908451 0.342174649 0.045546729 0.993385077 -0.105400704 0.472994924 0.139300838 0.098163500 0.985372424 -1.221595168
0.989005923 -0.059618261 -0.135326788 0.346176803 0.045255758 0.993245065 -0.106834024 0.459882617 0.140782252 0.099535018 0.985024571 -1.233301997
0.989299059 -0.058582976 -0.133626446 0.346329540 0.044094574 0.993070781 -0.108919203 0.457102627 0.139081687 0.101861320 0.985028267 -1.231122375
0.990130723 -0.055922456 -0.128508881 0.353060782 0.041510731 0.992815852 -0.112208799 0.455116063 0.133860990 0.105766736 0.985339940 -1.237778902
0.991774917 -0.048669387 -0.118382201 0.354864687 0.034688432 0.992475271 -0.117418155 0.463982701 0.123206399 0.112345748 0.986001492 -1.230922580
0.992509604 -0.046823144 -0.112840742 0.357962370 0.033048846 0.992102444 -0.120986730 0.477175355 0.117614865 0.116351090 0.986219704 -1.222528934
0.992864549 -0.045676883 -0.110152014 0.361499667 0.032179601 0.992088139 -0.121338159 0.491955340 0.114823207 0.116927229 0.986480713 -1.220422268
0.993286073 -0.041768454 -0.107879758 0.364068925 0.028927781 0.992595375 -0.117962308 0.511174023 0.112008393 0.114049122 0.987141013 -1.214680910
0.993655801 -0.035732716 -0.106635213 0.370217025 0.024054263 0.993764639 -0.108860731 0.531142294 0.109860532 0.105604589 0.988321245 -1.209910631
0.994237125 -0.027315576 -0.103663728 0.370398939 0.017456146 0.995336950 -0.094852716 0.556512117 0.105771631 0.092496008 0.990079522 -1.197655320
0.994721711 -0.018264260 -0.100970596 0.372362375 0.010428267 0.996928990 -0.077597618 0.582242846 0.102078125 0.076134562 0.991858900 -1.186526418
0.995250940 -0.009355124 -0.096892856 0.377222866 0.003606712 0.998230457 -0.059333898 0.607206881 0.097276665 0.058702327 0.993525147 -1.180258989
0.995537043 -0.003123033 -0.094320975 0.380469918 -0.001096808 0.999000549 -0.044654638 0.631523192 0.094366372 0.044558451 0.994540274 -1.173231125
0.995676637 0.002894332 -0.092843741 0.383459628 -0.006118391 0.999386072 -0.034460358 0.655437529 0.092687190 0.034879066 0.995084524 -1.165066719
0.995748639 0.007503642 -0.091808200 0.385395139 -0.010127693 0.999551058 -0.028150082 0.678575635 0.091555975 0.028959839 0.995379031 -1.158149004
0.995708525 0.010255503 -0.091976523 0.387807965 -0.012640826 0.999596298 -0.025389723 0.700463414 0.091679230 0.026443046 0.995437682 -1.152282000
0.995844781 0.015941646 -0.089668170 0.391131699 -0.018335672 0.999492288 -0.025940716 0.721406221 0.089209571 0.027476192 0.995634735 -1.149074316
0.996072173 0.025653550 -0.084755212 0.393571973 -0.028032698 0.999239147 -0.027003434 0.740829051 0.083998464 0.029272433 0.996036708 -1.144431710
0.996051729 0.035928857 -0.081187755 0.394972533 -0.038135991 0.998936415 -0.025803195 0.756116509 0.080174774 0.028796641 0.996365726 -1.141144872
0.995776176 0.048244942 -0.078124136 0.396482259 -0.050045662 0.998520136 -0.021256270 0.766718686 0.076983273 0.025076207 0.996717453 -1.140869856
0.995204151 0.058798846 -0.078180641 0.396807522 -0.060043346 0.998101652 -0.013661356 0.771420240 0.077229261 0.018290069 0.996846199 -1.141468525
0.994633853 0.066066459 -0.079619735 0.397277057 -0.066636518 0.997765303 -0.004520689 0.769437432 0.079143599 0.009801922 0.996815264 -1.144528627
0.994188070 0.067382500 -0.083967686 0.397105992 -0.067302093 0.997723758 0.003791250 0.760079741 0.084032618 0.001881841 0.996461511 -1.149777293
0.993784189 0.066076666 -0.089595698 0.397000164 -0.065589204 0.997809768 0.008377445 0.743859828 0.089953497 -0.002448958 0.995943248 -1.157067418
0.993517280 0.062511966 -0.094963454 0.398063987 -0.062003940 0.998038828 0.008289553 0.722333848 0.095295578 -0.002348356 0.995447397 -1.165514588
0.993185163 0.056059960 -0.102189891 0.398334742 -0.055832416 0.998424590 0.005082692 0.697173059 0.102314107 0.000656913 0.994753003 -1.174797058
0.992907286 0.048735056 -0.108453989 0.398544371 -0.049152859 0.998787820 -0.001183524 0.669558644 0.108264938 0.006505214 0.994101942 -1.184009194
0.992632270 0.041342925 -0.113893405 0.398923576 -0.042921636 0.999012232 -0.011443518 0.640588522 0.113307506 0.016247965 0.993427277 -1.193624735
0.992394507 0.036054578 -0.117698804 0.399142593 -0.039226457 0.998923302 -0.024744034 0.610831797 0.116679825 0.029172886 0.992741227 -1.202815413
0.992142618 0.031728376 -0.121021874 0.399117708 -0.036865521 0.998500526 -0.040448390 0.580841482 0.119556993 0.044592477 0.991825700 -1.211501718
0.992268443 0.027985288 -0.120916605 0.398113966 -0.034937333 0.997830927 -0.055763643 0.550893188 0.119093902 0.059556723 0.991095662 -1.218974948
0.992866397 0.023515988 -0.116894700 0.397455812 -0.031714190 0.997126043 -0.068778485 0.522477746 0.114941701 0.071994960 0.990760207 -1.225656152
0.993969262 0.022002704 -0.107433259 0.396310389 -0.030630125 0.996375978 -0.079330929 0.496631205 0.105298921 0.082143098 0.991042316 -1.231045246
0.995145738 0.024304524 -0.095368937 0.394581497 -0.032692321 0.995634913 -0.087400958 0.474351943 0.092829026 0.090094537 0.991597772 -1.235457659
0.996385038 0.027674578 -0.080324002 0.393131614 -0.035203025 0.994959295 -0.093881086 0.455934495 0.077321425 0.096369147 0.992338121 -1.238686323
0.997167230 0.030222835 -0.068883970 0.391458213 -0.036882930 0.994543552 -0.097567439 0.440922916 0.065559886 0.099831507 0.992842495 -1.241140127
0.996853352 0.024611093 -0.075356506 0.389013439 -0.032203212 0.994337261 -0.101262689 0.421613872 0.072437696 0.103370361 0.992002189 -1.245231271
0.996247590 0.022612581 -0.083550856 0.387560666 -0.031275500 0.994096637 -0.103882506 0.418709964 0.080708489 0.106105328 0.991074681 -1.245886207
0.995965362 0.024566118 -0.086316288 0.386876464 -0.033868324 0.993570507 -0.108019985 0.421331793 0.083107814 0.110507168 0.990395010 -1.244370222
0.996026993 0.030337751 -0.083730929 0.385803133 -0.039681375 0.992881179 -0.112295330 0.428869724 0.079728231 0.115171403 0.990141451 -1.240207434
0.995846570 0.035519995 -0.083841220 0.384621233 -0.045111954 0.992287874 -0.115444817 0.441848725 0.079093993 0.118747272 0.989769936 -1.233607054
0.995553076 0.040187225 -0.085207738 0.383764803 -0.049996566 0.991952121 -0.116314411 0.458863795 0.079847746 0.120056897 0.989551365 -1.225496650
0.995152175 0.045197133 -0.087352209 0.383282036 -0.055041309 0.991977096 -0.113796659 0.478999019 0.081508055 0.118052565 0.989657044 -1.216534257
0.994676054 0.048733387 -0.090806633 0.382825732 -0.058331497 0.992627084 -0.106239356 0.501759648 0.084959894 0.110970274 0.990186036 -1.207320571
0.994107962 0.053324483 -0.094377637 0.382795990 -0.062122673 0.993735552 -0.092888616 0.526348472 0.088833250 0.098203741 0.991194069 -1.197561979
0.993409574 0.055931162 -0.100051731 0.382498831 -0.063524850 0.995201886 -0.074399754 0.551920295 0.095410667 0.080264546 0.992197394 -1.188534856
0.992739975 0.055757623 -0.106582567 0.384022295 -0.061649062 0.996699393 -0.052801307 0.577207208 0.103286304 0.058988489 0.992901444 -1.180243969
0.991881073 0.052591920 -0.115791105 0.384581804 -0.056432672 0.997950435 -0.030141506 0.601491570 0.113968357 0.036430769 0.992816627 -1.173534513
0.991299212 0.049968172 -0.121780477 0.384214222 -0.051658459 0.998605967 -0.010760300 0.624554098 0.121072590 0.016957365 0.992499292 -1.166803241
0.991128445 0.045339458 -0.124935381 0.381968170 -0.044319373 0.998956263 0.010934809 0.666768610 0.125300214 -0.005300763 0.992105126 -1.152978301
0.991520166 0.042824641 -0.122694358 0.382471502 -0.041441832 0.999044478 0.013803110 0.684181869 0.123167835 -0.008601587 0.992348969 -1.146683693
0.992270350 0.039999962 -0.117471151 0.383423924 -0.038847633 0.999170780 0.012083367 0.699594736 0.117856592 -0.007426403 0.993003249 -1.139863729
0.993115425 0.035433039 -0.111655578 0.382425129 -0.034907699 0.999367893 0.006657220 0.712037086 0.111820377 -0.002713949 0.993725002 -1.135620117
0.994006455 0.033933830 -0.103924841 0.382460743 -0.034159455 0.999415755 -0.000390888 0.722959459 0.103850581 0.003938265 0.994585395 -1.130587697
0.994863212 0.034831550 -0.095051296 0.383098811 -0.035734247 0.999330282 -0.007811316 0.732035220 0.094715238 0.011167645 0.995441914 -1.126514912
0.995573163 0.038328812 -0.085830078 0.385862947 -0.039549690 0.999137640 -0.012568497 0.739161432 0.085273363 0.015906896 0.996231198 -1.125009656
0.995943487 0.041805796 -0.079690777 0.391240954 -0.043004747 0.998984337 -0.013385283 0.744277298 0.079049461 0.016757587 0.996730268 -1.124459624
0.996619523 0.043435525 -0.069746137 0.410991371 -0.044095915 0.998994827 -0.007955768 0.747347832 0.069329850 0.011003926 0.997533500 -1.126034737
0.997281015 0.037734997 -0.063312560 0.424431741 -0.038018517 0.999271095 -0.003279776 0.745246232 0.063142866 0.005677701 0.997988522 -1.128606796
0.998486280 0.024635212 -0.049194209 0.457837552 -0.024684604 0.999694586 -0.000397578 0.736363649 0.049169619 0.001611044 0.998789430 -1.135179996
0.999314129 0.013354898 -0.034560710 0.497043222 -0.013749941 0.999842048 -0.011219508 0.725073457 0.034405664 0.011686681 0.999339819 -1.144372582
0.999803722 -0.000528420 -0.019850612 0.541145205 -0.000044775 0.999582708 -0.028866876 0.715069652 0.019857831 0.028861757 0.999386311 -1.155511618
0.999870002 -0.010488760 -0.012272996 0.563640594 0.010023812 0.999251544 -0.037354711 0.711882949 0.012655724 0.037226472 0.999227345 -1.159149885
0.999617755 -0.027543576 0.002572502 0.616426110 0.027643925 0.998079240 -0.055434495 0.707413077 -0.001040556 0.055484068 0.998459637 -1.170405865
0.999143898 -0.036398187 0.019685693 0.676919460 0.037734199 0.996661603 -0.072393954 0.705924153 -0.016984802 0.073074393 0.997182310 -1.181797862
0.998575211 -0.035435915 0.039907560 0.742696643 0.038615890 0.995887280 -0.081953824 0.707571983 -0.036839131 0.083377749 0.995837331 -1.194488049
0.997873664 -0.031248450 0.057203729 0.805078864 0.035965722 0.995867670 -0.083383478 0.712210774 -0.054361682 0.085263044 0.994874895 -1.200110793
0.996799946 -0.036512263 0.071113758 0.867332339 0.041586284 0.996592104 -0.071227938 0.716731608 -0.068270624 0.073956683 0.994922280 -1.214568138
0.993934989 -0.049299456 0.098301955 0.924959779 0.054576211 0.997168064 -0.051730879 0.719313383 -0.095473133 0.056781717 0.993811667 -1.226995945
0.989608943 -0.065465510 0.128018811 0.976060569 0.071094178 0.996670663 -0.039898530 0.718129158 -0.124980465 0.048584975 0.990969360 -1.238357544
0.983748317 -0.074600495 0.163322404 1.015736818 0.082723059 0.995622039 -0.043501202 0.715948641 -0.159362242 0.056304161 0.985613763 -1.245372534
0.977477252 -0.070069134 0.199071243 1.038056374 0.082634389 0.995031893 -0.055517666 0.711277306 -0.194192141 0.070717201 0.978411376 -1.227860689
0.985402048 -0.066073596 0.156900331 0.825326085 0.076175705 0.995331049 -0.059262212 0.673037112 -0.152251720 0.070348807 0.985835195 -1.158912420
0.988347530 -0.061365951 0.139298707 0.764755249 0.071247861 0.995198965 -0.067091852 0.663756371 -0.134512633 0.076234430 0.987975299 -1.144117355
0.991669476 -0.057996329 0.115017086 0.708636463 0.066287830 0.995367944 -0.069621354 0.658012629 -0.110446051 0.076665178 0.990921140 -1.129296780
0.994960546 -0.055179924 0.083722100 0.660136402 0.060993947 0.995780766 -0.068550080 0.652304530 -0.079586037 0.073310927 0.994128764 -1.110173821
0.996960163 -0.045887787 0.062976189 0.610094845 0.050584428 0.995889485 -0.075125456 0.641274750 -0.059269562 0.078082398 0.995183706 -1.082589984
0.996745527 -0.043725558 0.067723036 0.580231547 0.048671469 0.996130049 -0.073179930 0.633017480 -0.064261191 0.076237842 0.995017409 -1.031401157
0.995497882 -0.056450203 0.076140597 0.565104067 0.061387256 0.996051073 -0.064133167 0.619796634 -0.072219774 0.068518497 0.995032966 -0.999044180
0.994221747 -0.063523054 0.086534075 0.556184351 0.069059037 0.995649338 -0.062551260 0.605318248 -0.082184143 0.068165667 0.994283915 -0.969775200
0.992716908 -0.071085580 0.097262554 0.551901340 0.077580251 0.994884014 -0.064699240 0.591543019 -0.092165887 0.071773574 0.993154228 -0.950758219
0.991096199 -0.091050491 0.097150438 0.548065245 0.097681329 0.993038297 -0.065820538 0.580261350 -0.090481259 0.074724048 0.993091464 -0.950136542
0.990072012 -0.104401752 0.094114780 0.535379231 0.110558383 0.991886079 -0.062751099 0.572186768 -0.086800203 0.072533108 0.993581891 -0.959442735
0.990347087 -0.086717851 0.108131893 0.525915802 0.093667455 0.993737102 -0.060926680 0.570570409 -0.102171563 0.070467018 0.992268026 -0.986914158
0.990267098 -0.047111806 0.130964652 0.502002716 0.054676898 0.996999979 -0.054778159 0.591908097 -0.127991468 0.061405554 0.989872754 -1.034177780
0.990535855 -0.036204267 0.132394403 0.481691122 0.041502610 0.998434782 -0.037477471 0.617049873 -0.130830675 0.042617328 0.990488529 -1.063953996
0.991253614 -0.035428632 0.127124459 0.463172376 0.035999931 0.999349356 -0.002193276 0.649765193 -0.126964316 0.006750646 0.991884530 -1.083713174
0.992231965 -0.034905724 0.119402200 0.448997915 0.030981610 0.998921931 0.034569070 0.682611465 -0.120480306 -0.030601284 0.992244184 -1.097623229
0.992518067 -0.029128889 0.118571267 0.437985033 0.023507051 0.998544276 0.048542757 0.713090897 -0.119812995 -0.045392305 0.991758466 -1.103546381
0.992632151 -0.029594352 0.117496617 0.412249327 0.027210247 0.999390721 0.021848472 0.753224373 -0.118072145 -0.018490322 0.992833197 -1.096290588
0.992608130 -0.029472211 0.117733844 0.416383743 0.029219791 0.999565184 0.003876058 0.764847040 -0.117797181 -0.000407725 0.993037879 -1.096763253
0.992429495 -0.029338699 0.119263075 0.413671702 0.029236369 0.999568880 0.002611708 0.773649454 -0.119288430 0.000894227 0.992859602 -1.088299394
0.991961479 -0.033268251 0.122091018 0.413067579 0.032170735 0.999422073 0.010954473 0.778436840 -0.122385144 -0.006938965 0.992458761 -1.073954105
0.990366459 -0.040847402 0.132311195 0.414391935 0.039277617 0.999123514 0.014456803 0.781181276 -0.132786170 -0.009121078 0.991103113 -1.056107163
0.989571750 -0.044878364 0.136872783 0.415851951 0.043379866 0.998961449 0.013916453 0.782480240 -0.137355343 -0.007834273 0.990491211 -1.047230363
0.987862885 -0.050410457 0.146922112 0.419439316 0.048979376 0.998710334 0.013348488 0.786375403 -0.147405714 -0.005990895 0.989058077 -1.028461695
0.986788929 -0.056545757 0.151822507 0.423453391 0.055103842 0.998386502 0.013694203 0.788159668 -0.152352199 -0.005147757 0.988312960 -1.014319420
0.985987306 -0.062975205 0.154477611 0.427999467 0.061433919 0.998001993 0.014738731 0.790089548 -0.155097276 -0.005042577 0.987886548 -1.004324913
0.985145688 -0.066212997 0.158442199 0.431536674 0.062779985 0.997673035 0.026583321 0.793459535 -0.159834027 -0.016241921 0.987010479 -0.997822404
0.984646857 -0.069831721 0.159980372 0.433704346 0.064183787 0.997127533 0.040213674 0.797531366 -0.162329152 -0.029328415 0.986300886 -0.992737591
0.985174239 -0.071007609 0.156170413 0.434854567 0.065175198 0.996982574 0.042164359 0.801073909 -0.158693343 -0.031360917 0.986829817 -0.988839030
0.985340834 -0.071550585 0.154866159 0.435134381 0.066318616 0.997047603 0.038700137 0.802273512 -0.157178164 -0.027862569 0.987177253 -0.987511754
0.985669732 -0.071974963 0.152559161 0.435052782 0.068429239 0.997252107 0.028376125 0.804369152 -0.154182628 -0.017530296 0.987886965 -0.985406995
0.985616207 -0.067784339 0.154808447 0.434997976 0.065425821 0.997650981 0.020288212 0.805153489 -0.155820265 -0.009868167 0.987736285 -0.984987080
0.986033618 -0.063103780 0.154127464 0.433110386 0.061994016 0.998003900 0.012005416 0.804680824 -0.154577583 -0.002282953 0.987978101 -0.984541595
0.985998094 -0.059215479 0.155887455 0.432651103 0.057916559 0.998238087 0.012867968 0.805604100 -0.156375021 -0.003659602 0.987691164 -0.984224558
0.985765874 -0.057743389 0.157895386 0.431288302 0.058548693 0.998284042 -0.000446783 0.806269884 -0.157598957 0.009684697 0.987455904 -0.983741522
0.985818148 -0.056193400 0.158128023 0.431401134 0.056571737 0.998395920 0.002113684 0.806542277 -0.157993227 0.006861674 0.987416506 -0.983953416
0.985743642 -0.057716705 0.158043057 0.431486487 0.058663227 0.998276651 -0.001323713 0.806344092 -0.157694429 0.010576040 0.987431407 -0.984204531
0.985940814 -0.055695385 0.157538563 0.432041258 0.056454055 0.998404980 -0.000337125 0.806878924 -0.157268658 0.009225838 0.987512946 -0.983988583
0.986016035 -0.055431347 0.157160312 0.431924284 0.056194268 0.998419583 -0.000408782 0.806744635 -0.156889468 0.009234301 0.987573266 -0.983993888
0.999887645 0.012787672 -0.007815809 0.027070608 -0.012808658 0.999914289 -0.002640396 0.121490233 0.007781405 0.002740174 0.999966085 -1.270189047
0.999888420 0.012633134 -0.007971012 0.027061762 -0.012654167 0.999916434 -0.002593172 0.121454805 0.007937613 0.002693714 0.999965012 -1.270264030
0.999876380 0.013888322 -0.007362342 0.027246457 -0.013907947 0.999899685 -0.002620448 0.121594034 0.007325236 0.002722484 0.999969542 -1.270252585
0.999885857 0.012998745 -0.007701666 0.027093437 -0.013018318 0.999911964 -0.002495985 0.121539608 0.007668570 0.002595927 0.999967337 -1.270275593
0.999882758 0.013329836 -0.007526274 0.027079921 -0.013349529 0.999907553 -0.002571255 0.121535823 0.007491328 0.002671391 0.999968588 -1.270170569
0.999881625 0.013316889 -0.007693355 0.027054787 -0.013334584 0.999908566 -0.002252085 0.121440500 0.007662684 0.002354371 0.999968112 -1.270188212
0.999875784 0.013785413 -0.007627684 0.027170505 -0.013804218 0.999901772 -0.002417051 0.121500351 0.007593639 0.002522010 0.999968231 -1.270224452
0.999889016 0.012769036 -0.007668342 0.026970919 -0.012787950 0.999915302 -0.002421527 0.121400118 0.007636796 0.002519286 0.999967933 -1.270259380
0.999880970 0.013460411 -0.007531747 0.027072221 -0.013480002 0.999905884 -0.002555102 0.121507607 0.007496662 0.002656311 0.999968529 -1.270195246
0.999877751 0.013668288 -0.007589572 0.027104355 -0.013687724 0.999903202 -0.002513490 0.121495314 0.007554499 0.002617052 0.999968231 -1.270124793
0.999877334 0.013692550 -0.007598165 0.027037486 -0.013711495 0.999903083 -0.002445574 0.121478073 0.007563959 0.002549441 0.999968350 -1.270140290
0.999874413 0.013941705 -0.007525814 0.027055021 -0.013960551 0.999899507 -0.002456172 0.121493459 0.007490831 0.002560913 0.999968886 -1.270089984
0.999881744 0.013324688 -0.007667223 0.027031098 -0.013344405 0.999907672 -0.002524525 0.121470071 0.007632890 0.002626568 0.999967515 -1.270189404
0.999878943 0.013476989 -0.007758826 0.027002914 -0.013497017 0.999905705 -0.002533309 0.121424496 0.007723965 0.002637750 0.999966860 -1.270086288
0.999876320 0.013711239 -0.007689964 0.027019776 -0.013728832 0.999903202 -0.002238148 0.121413641 0.007658550 0.002343431 0.999968171 -1.270325065
0.999879956 0.013499832 -0.007591513 0.027034836 -0.013519047 0.999905527 -0.002484020 0.121481255 0.007557278 0.002586336 0.999968290 -1.270218611
0.999878585 0.013576515 -0.007655906 0.027076153 -0.013596311 0.999904275 -0.002539694 0.121527053 0.007620701 0.002643436 0.999967694 -1.270252109
0.999880195 0.013389247 -0.007770334 0.027088435 -0.013409987 0.999906540 -0.002623274 0.121426411 0.007734491 0.002727118 0.999966621 -1.270264030
0.999878705 0.013538242 -0.007691389 0.027081246 -0.013556789 0.999905288 -0.002362862 0.121512040 0.007658688 0.002466830 0.999967813 -1.270153403
0.999879837 0.013480654 -0.007648969 0.027106352 -0.013499009 0.999906182 -0.002351771 0.121478461 0.007616564 0.002454727 0.999968171 -1.270222783
0.999878883 0.013568391 -0.007618354 0.027132953 -0.013588789 0.999903977 -0.002630651 0.121580541 0.007581956 0.002733767 0.999967694 -1.270200253
0.999874413 0.013774624 -0.007842819 0.027277086 -0.013794308 0.999901652 -0.002459798 0.121510699 0.007808193 0.002567585 0.999966443 -1.270284176
0.999877870 0.013744105 -0.007437766 0.027053095 -0.013762114 0.999902487 -0.002373958 0.121543474 0.007404429 0.002476011 0.999969780 -1.270241261
0.999881446 0.013387456 -0.007598218 0.027068958 -0.013405836 0.999907374 -0.002371896 0.121512853 0.007565776 0.002473460 0.999968529 -1.270239592
0.999876976 0.013667680 -0.007700816 0.027067654 -0.013688559 0.999902606 -0.002664566 0.121604614 0.007663664 0.002769589 0.999966860 -1.270185947
0.999872804 0.014079184 -0.007492776 0.027005704 -0.014100106 0.999896586 -0.002746079 0.121584758 0.007453357 0.002851317 0.999968171 -1.270596623
0.999877632 0.013630594 -0.007664069 0.027151320 -0.013649127 0.999904037 -0.002369778 0.121575877 0.007631049 0.002474081 0.999968052 -1.270177364
0.999882162 0.013366266 -0.007540734 0.027064085 -0.013385214 0.999907374 -0.002466384 0.121485606 0.007507085 0.002567013 0.999968767 -1.270239711
0.999870360 0.013731502 -0.008389468 0.027077354 -0.013753825 0.999901831 -0.002608537 0.121572934 0.008352831 0.002723545 0.999961495 -1.270209074
0.999878824 0.013367731 -0.007966515 0.027156197 -0.013389094 0.999906778 -0.002633932 0.121519633 0.007930566 0.002740235 0.999964893 -1.270272136
0.999885380 0.013159757 -0.007486438 0.027010623 -0.013177856 0.999910235 -0.002372458 0.121527299 0.007454567 0.002470806 0.999969244 -1.270277143
0.999882400 0.013355321 -0.007519898 0.027023703 -0.013373884 0.999907613 -0.002422353 0.121482365 0.007486868 0.002522623 0.999969006 -1.270166039
0.999882638 0.013385535 -0.007450275 0.027616369 -0.013405254 0.999906659 -0.002602011 0.121682480 0.007414779 0.002701521 0.999969065 -1.269952059
0.999882221 0.013520436 -0.007263326 0.027507696 -0.013540185 0.999904752 -0.002675564 0.121664681 0.007226487 0.002773538 0.999970257 -1.269930005
0.999885261 0.012700131 -0.008250748 0.027169134 -0.012721999 0.999915600 -0.002602709 0.121618398 0.008217020 0.002707341 0.999962687 -1.270196557
0.999887466 0.012781709 -0.007850166 0.027166028 -0.012803451 0.999914229 -0.002724899 0.121597879 0.007814687 0.002825066 0.999965608 -1.270280600
0.999880910 0.013241548 -0.007929038 0.026924759 -0.013262693 0.999908447 -0.002619982 0.121806927 0.007893633 0.002724767 0.999965191 -1.270278335
0.999886632 0.012640510 -0.008194327 0.026955944 -0.012661599 0.999916494 -0.002526606 0.121780396 0.008161720 0.002630009 0.999963284 -1.270192623
0.999881864 0.013616886 -0.007135807 0.027062315 -0.013636488 0.999903202 -0.002705056 0.121626809 0.007098299 0.002801981 0.999970913 -1.270210385
0.999879539 0.013358812 -0.007930369 0.026989620 -0.013377500 0.999907553 -0.002308562 0.121652223 0.007898823 0.002414502 0.999965966 -1.270751357
0.999872029 0.013649941 -0.008335378 0.026984069 -0.013667503 0.999904513 -0.002052231 0.121383533 0.008306586 0.002166060 0.999963403 -1.270370364
0.999869943 0.013811861 -0.008324245 0.027038738 -0.013829865 0.999902010 -0.002109380 0.121443801 0.008294336 0.002224264 0.999963343 -1.270322323
0.999874711 0.013765436 -0.007843148 0.027160175 -0.013784397 0.999901891 -0.002376527 0.121552207 0.007809758 0.002484202 0.999966741 -1.270282030
0.999875546 0.013972938 -0.007309255 -0.003031900 -0.013984928 0.999900699 -0.001590580 0.133277833 0.007286339 0.001692444 0.999972105 -1.258208036
0.999875247 0.013991631 -0.007317180 -0.003005965 -0.014003461 0.999900579 -0.001566748 0.133262053 0.007294562 0.001668861 0.999972105 -1.258196115
0.999877989 0.013759059 -0.007382495 -0.002998358 -0.013770813 0.999903798 -0.001542420 0.133232921 0.007360594 0.001643738 0.999971628 -1.258222699
0.999874830 0.014024652 -0.007308430 -0.003060587 -0.014036042 0.999900162 -0.001508160 0.133277878 0.007286580 0.001610395 0.999972224 -1.258237481
0.999874830 0.013908913 -0.007536541 -0.003073135 -0.013922319 0.999901414 -0.001728147 0.133318156 0.007511796 0.001832694 0.999970257 -1.258139491
0.999874055 0.013953226 -0.007561136 -0.003045359 -0.013967267 0.999900699 -0.001806415 0.133363694 0.007535215 0.001911633 0.999969959 -1.258078933
0.999876380 0.013811374 -0.007517029 -0.003066997 -0.013825146 0.999902666 -0.001782283 0.133352205 0.007491717 0.001885823 0.999970317 -1.258078575
0.999870777 0.014271865 -0.007396662 -0.003102896 -0.014285277 0.999896228 -0.001762500 0.133386075 0.007370775 0.001867773 0.999971271 -1.258054852
0.999873519 0.014048925 -0.007425861 -0.003063578 -0.014061079 0.999899745 -0.001586169 0.133350536 0.007402852 0.001690328 0.999971271 -1.258186936
0.999871612 0.014345214 -0.007123815 -0.003077080 -0.014356994 0.999895513 -0.001604060 0.133358210 0.007100080 0.001706074 0.999973476 -1.258023858
0.999869466 0.014447250 -0.007209097 -0.003041195 -0.014459495 0.999893904 -0.001648029 0.133364767 0.007184543 0.001751998 0.999972761 -1.258062601
0.999874651 0.013910197 -0.007545456 -0.003032822 -0.013922748 0.999901652 -0.001612391 0.133314550 0.007522306 0.001717186 0.999970317 -1.258130312
0.999873757 0.013980092 -0.007546220 -0.003121823 -0.013992794 0.999900639 -0.001631826 0.133302450 0.007522689 0.001737118 0.999970317 -1.258189917
0.999878585 0.013485715 -0.007805053 -0.002988060 -0.013497118 0.999907792 -0.001409037 0.133274406 0.007785364 0.001514117 0.999968648 -1.258374572
0.999874413 0.013892295 -0.007616720 -0.003004208 -0.013905249 0.999901772 -0.001649397 0.133336142 0.007593093 0.001754939 0.999969780 -1.258092880
0.999877334 0.013616012 -0.007726863 -0.002995673 -0.013628229 0.999905825 -0.001529310 0.133311287 0.007705338 0.001634269 0.999969065 -1.258175731
0.999876678 0.013760356 -0.007550260 -0.003048111 -0.013772853 0.999903798 -0.001605183 0.133371875 0.007527463 0.001708895 0.999970317 -1.258242607
0.999883771 0.013212833 -0.007584000 -0.002954550 -0.013226168 0.999910951 -0.001710402 0.133424371 0.007560743 0.001810432 0.999969840 -1.257966757
0.999868214 0.014402408 -0.007480539 -0.003062353 -0.014414392 0.999894798 -0.001549334 0.133319497 0.007457459 0.001656901 0.999970913 -1.258300304
0.999872446 0.014172067 -0.007345448 -0.003038256 -0.014183843 0.999898076 -0.001552444 0.133344978 0.007322718 0.001656377 0.999971926 -1.258228779
0.999875724 0.013801031 -0.007608595 -0.003059806 -0.013813458 0.999903142 -0.001582831 0.133308947 0.007586027 0.001687646 0.999969959 -1.258144975
