1.000000000 0.000000000 0.000000000 0.000000000 0.000000000 1.000000000 0.000000000 0.000000000 0.000000000 0.000000000 1.000000000 0.000000000
1.000000000 -0.000132710 0.000014414 0.000045847 0.000132711 1.000000000 -0.000074946 0.000027968 -0.000014404 0.000074948 1.000000000 0.000049051
1.000000000 -0.000054411 0.000091053 -0.000023499 0.000054416 1.000000000 -0.000050008 0.000026410 -0.000091050 0.000050013 1.000000000 0.000063480
1.000000000 -0.000089601 0.000092988 0.000008695 0.000089601 1.000000000 0.000001233 0.000029979 -0.000092989 -0.000001224 1.000000000 -0.000058327
1.000000000 -0.000116379 -0.000086129 0.000066794 0.000116376 1.000000000 -0.000039114 0.000015196 0.000086133 0.000039104 1.000000000 -0.000110292
1.000000000 -0.000147951 -0.000067361 0.000014076 0.000147943 1.000000000 -0.000108824 0.000036063 0.000067377 0.000108814 1.000000000 -0.000117635
1.000000000 -0.000004526 -0.000035589 0.000101250 0.000004524 1.000000000 -0.000051183 0.000038879 0.000035589 0.000051183 1.000000000 -0.000096925
1.000000000 -0.000184486 -0.000079133 0.000083714 0.000184484 1.000000000 -0.000030046 -0.000002335 0.000079138 0.000030031 1.000000000 0.000111218
1.000000000 -0.000047762 -0.000123524 0.000135037 0.000047773 1.000000000 0.000093364 -0.000038363 0.000123519 -0.000093370 1.000000000 0.000088333
1.000000000 -0.000117138 -0.000116012 0.000158049 0.000117141 1.000000000 0.000021382 -0.000014804 0.000116009 -0.000021396 1.000000000 -0.000018925
1.000000000 -0.000130030 -0.000077417 0.000096590 0.000130032 1.000000000 0.000019914 -0.000005785 0.000077415 -0.000019924 1.000000000 -0.000187760
1.000000000 -0.000020450 -0.000085325 0.000123900 0.000020449 1.000000000 -0.000015085 -0.000005730 0.000085325 0.000015083 1.000000000 -0.000021753
1.000000000 -0.000017349 0.000017233 -0.000023846 0.000017350 1.000000000 -0.000039787 0.000030636 -0.000017232 0.000039787 1.000000000 -0.000094510
1.000000000 -0.000154948 0.000030376 -0.000067630 0.000154952 1.000000000 -0.000122624 0.000045616 -0.000030357 0.000122629 1.000000000 -0.000099684
1.000000000 -0.000217238 -0.000063125 0.000098178 0.000217234 1.000000000 -0.000055422 -0.000005414 0.000063137 0.000055408 1.000000000 0.000106648
1.000000000 0.000051102 0.000017604 -0.000012422 -0.000051102 1.000000000 0.000025393 -0.000047051 -0.000017603 -0.000025394 1.000000000 0.000060827
1.000000000 -0.000064477 -0.000099374 0.000160082 0.000064478 1.000000000 0.000002008 -0.000027662 0.000099374 -0.000002014 1.000000000 0.000177027
1.000000000 -0.000083979 -0.000059797 0.000089683 0.000083979 1.000000000 -0.000003909 0.000049854 0.000059797 0.000003904 1.000000000 -0.000169354
1.000000000 -0.000052912 -0.000091428 -0.000053646 0.000052906 1.000000000 -0.000068710 0.000045199 0.000091432 0.000068705 1.000000000 -0.000150609
1.000000000 0.000077558 0.000110115 0.000021190 -0.000077564 1.000000000 0.000051849 -0.000019710 -0.000110111 -0.000051858 1.000000000 -0.000026373
1.000000000 -0.000168653 -0.000018302 0.000082606 0.000168652 1.000000000 -0.000071987 0.000042565 0.000018314 0.000071983 1.000000000 0.000005005
1.000000000 -0.000095011 0.000012425 0.000025669 0.000095011 1.000000000 -0.000002960 0.000035025 -0.000012424 0.000002961 1.000000000 -0.000047626
1.000000000 0.000029671 0.000095205 -0.000013674 -0.000029675 1.000000000 0.000035968 -0.000011534 -0.000095204 -0.000035971 1.000000000 -0.000029641
1.000000000 -0.000162310 -0.000006495 0.000074784 0.000162310 1.000000000 0.000021031 0.000011108 0.000006491 -0.000021032 1.000000000 -0.000030390
1.000000000 -0.000096037 -0.000009203 0.000118115 0.000096037 1.000000000 0.000003790 -0.000018185 0.000009203 -0.000003791 1.000000000 -0.000026806
1.000000000 -0.000038640 -0.000153590 0.000135200 0.000038635 1.000000000 -0.000032964 0.000023973 0.000153592 0.000032958 1.000000000 -0.000047582
1.000000000 0.000067203 0.000010474 -0.000077955 -0.000067202 1.000000000 -0.000089762 0.000061284 -0.000010480 0.000089762 1.000000000 -0.000092667
1.000000000 -0.000105001 -0.000125072 0.000016277 0.000104988 1.000000000 -0.000103551 0.000033521 0.000125083 0.000103538 1.000000000 0.000094831
1.000000000 -0.000179222 -0.000061644 0.000087881 0.000179225 1.000000000 0.000046406 0.000002578 0.000061636 -0.000046417 1.000000000 -0.000105567
1.000000000 -0.000023451 0.000016992 -0.000043381 0.000023454 1.000000000 -0.000131102 0.000074847 -0.000016989 0.000131102 1.000000000 -0.000188764
1.000000000 -0.000015232 0.000028987 -0.000012873 0.000015233 1.000000000 -0.000066618 0.000061284 -0.000028985 0.000066619 1.000000000 -0.000155985
1.000000000 -0.000144823 -0.000001282 -0.000001571 0.000144823 1.000000000 -0.000036809 -0.000005494 0.000001287 0.000036809 1.000000000 -0.000246274
1.000000000 -0.000145068 -0.000027253 0.000069789 0.000145066 1.000000000 -0.000065486 0.000022888 0.000027263 0.000065482 1.000000000 -0.000001660
1.000000000 -0.000078640 -0.000019204 0.000045919 0.000078638 1.000000000 -0.000094977 0.000035250 0.000019211 0.000094975 1.000000000 0.000086572
1.000000000 0.000102108 -0.000025279 0.000052513 -0.000102112 1.000000000 -0.000166863 0.000053473 0.000025262 0.000166865 1.000000000 -0.000013454
1.000000000 -0.000053539 0.000085298 -0.000126680 0.000053544 1.000000000 -0.000051414 0.000001253 -0.000085296 0.000051419 1.000000000 -0.000109156
1.000000000 -0.000105165 0.000012903 -0.000071181 0.000105166 1.000000000 -0.000047646 0.000005211 -0.000012898 0.000047647 1.000000000 -0.000053578
1.000000000 -0.000196147 -0.000081491 0.000070092 0.000196138 1.000000000 -0.000111164 0.000038498 0.000081513 0.000111148 1.000000000 -0.000153048
1.000000000 -0.000089373 -0.000025419 -0.000052222 0.000089372 1.000000000 -0.000039706 0.000018575 0.000025423 0.000039704 1.000000000 -0.000033947
1.000000000 -0.000020751 -0.000006836 -0.000033498 0.000020751 1.000000000 0.000046747 0.000021149 0.000006835 -0.000046747 1.000000000 -0.000229392
1.000000000 -0.000077550 -0.000015625 -0.000040639 0.000077548 1.000000000 -0.000121778 0.000027666 0.000015635 0.000121777 1.000000000 -0.000080620
1.000000000 -0.000074116 -0.000041499 0.000080320 0.000074116 1.000000000 0.000017968 0.000003715 0.000041498 -0.000017971 1.000000000 -0.000188227
1.000000000 -0.000024976 -0.000162963 0.000165068 0.000024951 1.000000000 -0.000154545 0.000042702 0.000162966 0.000154541 1.000000000 0.000075537
1.000000000 -0.000105142 -0.000013973 0.000079484 0.000105141 1.000000000 -0.000070171 0.000032800 0.000013980 0.000070169 1.000000000 -0.000070879
1.000000000 -0.000088399 -0.000072325 0.000125764 0.000088398 1.000000000 -0.000013738 -0.000024546 0.000072326 0.000013731 1.000000000 0.000010525
1.000000000 -0.000076736 -0.000085365 0.000026438 0.000076734 1.000000000 -0.000019724 0.000007451 0.000085366 0.000019718 1.000000000 0.000172029
1.000000000 -0.000030170 0.000000637 0.000027337 0.000030170 1.000000000 0.000087891 -0.000058445 -0.000000639 -0.000087891 1.000000000 0.000218394
1.000000000 -0.000054685 0.000056987 0.000053702 0.000054686 1.000000000 -0.000022232 0.000016730 -0.000056986 0.000022235 1.000000000 0.000035601
1.000000000 -0.000121350 -0.000053227 0.000035271 0.000121347 1.000000000 -0.000056181 0.000024633 0.000053233 0.000056175 1.000000000 0.000080715
1.000000000 -0.000117586 0.000046106 -0.000001656 0.000117589 1.000000000 -0.000056691 -0.000032394 -0.000046099 0.000056696 1.000000000 0.000132052
1.000000000 -0.000025849 -0.000026929 0.000063259 0.000025850 1.000000000 0.000035427 0.000016038 0.000026928 -0.000035428 1.000000000 -0.000015908
1.000000000 0.000013854 -0.000021339 0.000027067 -0.000013855 1.000000000 -0.000027234 -0.000007119 0.000021339 0.000027234 1.000000000 0.000018566
1.000000000 0.000115309 0.000093173 -0.000060516 -0.000115315 1.000000000 0.000073238 0.000008984 -0.000093165 -0.000073248 1.000000000 -0.000052523
1.000000000 0.000092865 -0.000062356 0.000079429 -0.000092864 1.000000000 0.000010789 0.000032537 0.000062357 -0.000010783 1.000000000 0.000039068
1.000000000 0.000128547 0.000077197 -0.000068871 -0.000128546 1.000000000 -0.000013364 -0.000025712 -0.000077198 0.000013354 1.000000000 0.000037794
1.000000000 -0.000190492 -0.000035262 -0.000050084 0.000190491 1.000000000 -0.000015830 0.000006301 0.000035265 0.000015824 1.000000000 -0.000035743
1.000000000 -0.000029924 -0.000039539 0.000079607 0.000029922 1.000000000 -0.000057644 0.000063778 0.000039541 0.000057643 1.000000000 -0.000136805
1.000000000 0.000125328 -0.000020584 0.000036424 -0.000125331 1.000000000 -0.000174727 0.000102369 0.000020562 0.000174729 1.000000000 -0.000037688
1.000000000 0.000209997 0.000031302 0.000076962 -0.000209992 0.999999940 -0.000145424 0.000057780 -0.000031333 0.000145417 1.000000000 0.000093790
1.000000000 0.000083171 -0.000014181 0.000174026 -0.000083173 1.000000000 -0.000166016 0.000111311 0.000014167 0.000166017 1.000000000 -0.000170480
1.000000000 0.000032264 -0.000144827 0.000119634 -0.000032295 1.000000000 -0.000213478 0.000103655 0.000144820 0.000213482 0.999999940 -0.000000487
1.000000000 -0.000160481 -0.000081045 0.000097583 0.000160478 1.000000000 -0.000032218 -0.000019776 0.000081050 0.000032205 1.000000000 0.000073174
1.000000000 -0.000140463 -0.000039001 0.000089303 0.000140457 1.000000000 -0.000151906 0.000027738 0.000039022 0.000151900 1.000000000 0.000098232
0.999999940 0.000235086 0.000117885 0.000146219 -0.000235077 0.999999940 -0.000074586 0.000085533 -0.000117903 0.000074559 1.000000000 -0.000078465
0.999999881 0.000420350 0.000116737 0.000130568 -0.000420325 0.999999881 -0.000211431 0.000029068 -0.000116826 0.000211382 1.000000000 0.000057507
0.999999762 0.000721852 0.000079943 0.000323801 -0.000721840 0.999999702 -0.000145737 0.000060437 -0.000080048 0.000145680 1.000000000 0.000123671
1.000000000 0.000211190 0.000029503 0.000135243 -0.000211186 0.999999940 -0.000136457 0.000041010 -0.000029532 0.000136451 1.000000000 -0.000165733
1.000000000 0.000109949 -0.000096492 0.000009366 -0.000109959 1.000000000 -0.000099370 0.000050094 0.000096481 0.000099381 1.000000000 -0.000065477
1.000000000 -0.000028271 -0.000151646 0.000088873 0.000028263 1.000000000 -0.000048925 0.000087753 0.000151648 0.000048921 1.000000000 -0.000148996
0.999999702 -0.000797890 0.000082766 0.000037694 0.000797893 0.999999702 -0.000040349 -0.000021733 -0.000082734 0.000040415 1.000000000 0.000111480
0.999996185 -0.002761146 -0.000124482 -0.000387973 0.002761104 0.999996126 -0.000331807 -0.000215618 0.000125398 0.000331462 0.999999940 -0.000065747
0.999999881 -0.000481271 -0.000069204 0.000218169 0.000481261 0.999999881 -0.000145251 -0.000085180 0.000069273 0.000145218 1.000000000 0.000254157
1.000000000 -0.000162842 -0.000064145 0.000015926 0.000162842 1.000000000 -0.000003596 0.000085866 0.000064146 0.000003586 1.000000000 -0.000106951
0.999999762 -0.000646203 -0.000208307 -0.000111626 0.000646169 0.999999762 -0.000164554 -0.000009020 0.000208413 0.000164419 0.999999940 -0.000031554
0.999999940 -0.000253579 0.000020395 0.000136497 0.000253580 0.999999940 -0.000071808 0.000008041 -0.000020376 0.000071813 1.000000000 -0.000066791
0.999999940 0.000252032 -0.000254238 0.000176657 -0.000252091 0.999999940 -0.000234169 -0.000024149 0.000254179 0.000234233 0.999999940 0.000022934
0.999999821 -0.000398852 -0.000504664 -0.000090565 0.000398731 0.999999881 -0.000239186 -0.000083969 0.000504759 0.000238985 0.999999821 -0.000502328
0.999998033 -0.000944299 -0.001751049 -0.000221816 0.000943965 0.999999523 -0.000191530 -0.000492939 0.001751229 0.000189877 0.999998450 -0.000016350
0.999991298 0.000883834 -0.004080891 -0.000585164 -0.000891546 0.999997795 -0.001888344 -0.000926145 0.004079213 0.001891966 0.999989867 0.000175107
0.999972582 0.002238602 -0.007058712 -0.001310913 -0.002233403 0.999997258 0.000744420 -0.001164898 0.007060359 -0.000728635 0.999974787 0.000828062
0.999965370 0.005107364 -0.006575069 -0.001828025 -0.005072413 0.999972999 0.005321531 -0.002649008 0.006602070 -0.005287995 0.999964237 0.000374694
0.999939382 0.005951050 -0.009265480 -0.002352993 -0.005857227 0.999931633 0.010120404 -0.005863992 0.009325073 -0.010065520 0.999905884 -0.000954345
0.999891520 0.002464616 -0.014515537 -0.003456859 -0.002324485 0.999950528 0.009662820 -0.012989605 0.014538635 -0.009628030 0.999847949 -0.003933333
0.999819040 0.000350047 -0.019013990 -0.004231652 -0.000295186 0.999995768 0.002887986 -0.023079094 0.019014919 -0.002881851 0.999815047 -0.007648053
0.999675989 -0.002261536 -0.025355391 -0.005071859 0.002084742 0.999973297 -0.006996890 -0.036919340 0.025370538 0.006941764 0.999653995 -0.012460505
0.999481201 -0.004304850 -0.031917784 -0.005343560 0.003729275 0.999829769 -0.018070696 -0.053890716 0.031990141 0.017942293 0.999327123 -0.017856492
0.999240577 -0.006742063 -0.038376167 -0.005030095 0.005805600 0.999684036 -0.024461521 -0.073835775 0.038528953 0.024220146 0.998963892 -0.024775119
0.998847961 -0.009945340 -0.046945076 -0.005106141 0.008775250 0.999647319 -0.025065284 -0.094680794 0.047177814 0.024624456 0.998582900 -0.032659434
0.998279750 -0.015859213 -0.056443859 -0.004760752 0.014703930 0.999675035 -0.020824602 -0.116882429 0.056755785 0.019958835 0.998188496 -0.040347356
0.997737408 -0.021712029 -0.063628778 -0.004437694 0.020899599 0.999691665 -0.013406222 -0.141441911 0.063900247 0.012046074 0.997883499 -0.049333096
0.996901870 -0.030045409 -0.072690755 -0.004697270 0.029511344 0.999529004 -0.008410281 -0.163750529 0.072909229 0.006239020 0.997319102 -0.056971360
0.996257067 -0.033629298 -0.079629712 -0.003927731 0.032974735 0.999410808 -0.009521177 -0.189068764 0.079902992 0.006859772 0.996778965 -0.064989276
0.995992243 -0.029786479 -0.084332630 -0.003845988 0.028476771 0.999455035 -0.016691066 -0.212070227 0.084783830 0.014222652 0.996297836 -0.070511676
0.995671093 -0.023643434 -0.089889340 -0.004701269 0.021332040 0.999418855 -0.026588235 -0.237924665 0.090465724 0.024555614 0.995596766 -0.077248648
0.994942129 -0.022321343 -0.097938664 -0.005182123 0.018749444 0.999130547 -0.037240930 -0.262067348 0.098684773 0.035216279 0.994495392 -0.084452480
0.993691862 -0.029124770 -0.108296774 -0.005536348 0.024142936 0.998601556 -0.047031898 -0.289505929 0.109515123 0.044120621 0.993005455 -0.092568666
0.992263854 -0.041055694 -0.117161475 -0.005976308 0.034646917 0.997816801 -0.056223124 -0.314052790 0.119213983 0.051728897 0.991520166 -0.099766418
0.990981877 -0.053746257 -0.122744143 -0.005149408 0.045982767 0.996810138 -0.065230958 -0.341994047 0.125858516 0.058998592 0.990292192 -0.107889667
0.990373492 -0.060175858 -0.124656387 -0.003718282 0.051259510 0.995973885 -0.073542334 -0.363882929 0.128579959 0.066444553 0.989470661 -0.114307366
0.990039110 -0.064440683 -0.125178978 -0.002110647 0.054702923 0.995314240 -0.079731323 -0.379710078 0.129730374 0.072089478 0.988925219 -0.119422816
0.990080535 -0.064985618 -0.124568701 0.004231898 0.054992732 0.995110035 -0.082047917 -0.403181106 0.129291505 0.074383676 0.988812804 -0.132201090
0.990005791 -0.064367510 -0.125479981 0.005902279 0.054040000 0.994995832 -0.084041208 -0.411822617 0.130261600 0.076420359 0.988530040 -0.135232568
0.990261197 -0.063686006 -0.123801306 0.008666541 0.053221457 0.994866312 -0.086072735 -0.415662915 0.128647387 0.078645602 0.988566995 -0.137089029
0.991130948 -0.060415030 -0.118360773 0.012004121 0.049928207 0.994721353 -0.089647271 -0.414444238 0.123152040 0.082942665 0.988915622 -0.135909826
0.992619038 -0.054204397 -0.108486429 0.017672468 0.043957800 0.994534016 -0.094710059 -0.408783138 0.113027118 0.089242160 0.989576042 -0.136316046
0.993376553 -0.051580794 -0.102677025 0.020905998 0.041516151 0.994334400 -0.097854249 -0.399117768 0.107142709 0.092943341 0.989889920 -0.132225618
0.993647337 -0.050949700 -0.100344762 0.024136808 0.041097224 0.994345665 -0.097917020 -0.385794610 0.104766220 0.093171082 0.990122855 -0.128723368
0.994068205 -0.046737261 -0.098204747 0.025362141 0.037470262 0.994850159 -0.094176471 -0.368558884 0.102100559 0.089938059 0.990700066 -0.119730726
0.994506598 -0.040545084 -0.096503027 0.029393921 0.032365084 0.995866358 -0.084869750 -0.349347949 0.099545166 0.081280202 0.991707683 -0.109117232
0.995124459 -0.031883389 -0.093331791 0.025836429 0.025264436 0.997137666 -0.071260564 -0.314850450 0.095336661 0.068555161 0.993081629 -0.097568132
0.995645821 -0.022196293 -0.090535261 0.028011655 0.017324220 0.998377144 -0.054249357 -0.283883989 0.091592461 0.052444696 0.994414628 -0.089219809
0.996173978 -0.013886814 -0.086281717 0.031420693 0.010853471 0.999309838 -0.035526447 -0.261552155 0.086715519 0.034454063 0.995637178 -0.081740491
0.996462226 -0.007645421 -0.083692819 0.034602657 0.005894945 0.999759138 -0.021142641 -0.230918407 0.083834305 0.020574478 0.996267319 -0.072405823
0.996621013 -0.002188681 -0.082108684 0.037201948 0.001329900 0.999943912 -0.010512337 -0.209178343 0.082127079 0.010367621 0.996567905 -0.066122331
0.996681809 0.002240619 -0.081365190 0.039544530 -0.002598759 0.999987364 -0.004295926 -0.181374595 0.081354536 0.004493119 0.996675134 -0.058699954
0.996674597 0.004757717 -0.081345513 0.041606266 -0.004902906 0.999986649 -0.001585081 -0.161439538 0.081336901 0.001978640 0.996684670 -0.054131974
0.996780276 0.010890621 -0.079438552 0.051850952 -0.011129552 0.999934793 -0.002565587 -0.134009495 0.079405427 0.003441441 0.996836483 -0.046060964
0.997008145 0.020198075 -0.074611001 0.053948529 -0.020513637 0.999783576 -0.003465432 -0.116420731 0.074524865 0.004985607 0.997206688 -0.042415652
0.996994853 0.031433102 -0.070804201 0.055322025 -0.031655852 0.999496877 -0.002025866 -0.102165289 0.070704892 0.004261144 0.997488201 -0.039899286
0.996752560 0.043233212 -0.067934759 0.056922924 -0.043207090 0.999064386 0.001854489 -0.085601576 0.067951366 0.001086796 0.997688055 -0.038094357
0.996271193 0.053225819 -0.067900866 0.057145447 -0.052708015 0.998565793 0.009396031 -0.081386998 0.068303593 -0.005782077 0.997647762 -0.038882274
0.995737910 0.060717024 -0.069420606 0.057516702 -0.059575867 0.998054326 0.018393967 -0.083339900 0.070402354 -0.014179779 0.997417867 -0.041416686
0.995329320 0.062398642 -0.073660828 0.057505589 -0.060576316 0.997805834 0.026721708 -0.092041947 0.075166591 -0.022134801 0.996925294 -0.046312544
0.994970620 0.061005097 -0.079446115 0.057949875 -0.058680221 0.997786701 0.031278756 -0.110564500 0.081178427 -0.026459532 0.996348262 -0.055279922
0.994750977 0.057367925 -0.084730566 0.058773767 -0.054940902 0.998017371 0.030705128 -0.130084798 0.086324073 -0.025888782 0.995930612 -0.062763020
0.994465947 0.051012412 -0.091843583 0.059241991 -0.048701476 0.998442173 0.027230928 -0.153145343 0.093089625 -0.022607312 0.995401025 -0.070905536
0.994275928 0.043422937 -0.097621374 0.050204817 -0.041478556 0.998900235 0.021860475 -0.197795883 0.098463252 -0.017686147 0.994983435 -0.082699418
0.994045854 0.035935704 -0.102865860 0.050141379 -0.034886077 0.999319434 0.011985324 -0.232682392 0.103226550 -0.008325376 0.994623125 -0.093686864
0.993802249 0.030743172 -0.106826946 0.051213376 -0.031141510 0.999512851 -0.002062283 -0.258973062 0.106711514 0.005376250 0.994275570 -0.102696523
0.993554711 0.027309882 -0.110014409 0.051290177 -0.029469749 0.999402583 -0.018054415 -0.285956055 0.109455608 0.021180145 0.993766010 -0.110629708
0.993677855 0.023418825 -0.109798975 0.051219914 -0.027319655 0.999042928 -0.034158111 -0.312753767 0.108893938 0.036941826 0.993366718 -0.117884532
0.994206250 0.018754421 -0.105840608 0.050471950 -0.023855163 0.998603523 -0.047134299 -0.345518023 0.104808837 0.049386058 0.993265331 -0.124326490
0.995198727 0.017519765 -0.096294656 0.049140342 -0.023187319 0.998043954 -0.058056217 -0.368167669 0.095089160 0.060010292 0.993658245 -0.129025623
0.996269763 0.019437050 -0.084076338 0.045220703 -0.025093012 0.997454345 -0.066747025 -0.386361212 0.082564935 0.068607777 0.994221210 -0.130500525
0.997354209 0.023205603 -0.068891555 0.044496216 -0.028277611 0.996887922 -0.073585361 -0.402558059 0.066969544 0.075338766 0.994906604 -0.132804587
0.998020649 0.025584016 -0.057448946 0.042358965 -0.030004399 0.996544600 -0.077449821 -0.416552693 0.055268958 0.079020225 0.995339632 -0.135386050
0.997960687 0.021445859 -0.060120396 0.052150734 -0.026105996 0.996624649 -0.077831924 -0.443690121 0.058248300 0.079242706 0.995152116 -0.145879075
0.997710407 0.019166339 -0.064858302 0.051438533 -0.024333889 0.996510088 -0.079846755 -0.449348807 0.063101582 0.081242181 0.994694948 -0.147966966
0.997178614 0.016790444 -0.073164359 0.050225727 -0.022839896 0.996317089 -0.082647458 -0.452654481 0.071507215 0.084085330 0.993889511 -0.148687929
0.996941268 0.018957568 -0.075820267 0.049461294 -0.025526727 0.995913208 -0.086633243 -0.450078845 0.073868044 0.088303700 0.993350863 -0.147231594
0.996998668 0.024776205 -0.073348656 0.050237387 -0.031397734 0.995397329 -0.090544522 -0.444258064 0.070767708 0.092575759 0.993187666 -0.144622803
0.996880233 0.030865273 -0.072643787 0.040830933 -0.037696674 0.994798422 -0.094630949 -0.424354076 0.069345117 0.097074158 0.992858469 -0.134772912
0.996627808 0.035441838 -0.074005634 0.040425256 -0.042422604 0.994573534 -0.094993226 -0.411481082 0.070237309 0.097812407 0.992723286 -0.126727924
0.996249676 0.040407244 -0.076509818 0.042291936 -0.047411587 0.994623721 -0.092063703 -0.394810200 0.072378434 0.095345885 0.992809415 -0.122284919
0.995852172 0.043461528 -0.079934329 0.042299286 -0.050166097 0.995212615 -0.083875924 -0.376264215 0.075906269 0.087538011 0.993265033 -0.114375837
0.995301247 0.048307486 -0.083915688 0.043441430 -0.054201886 0.996112108 -0.069445156 -0.356072336 0.080234714 0.073667236 0.994050086 -0.106442578
0.994718313 0.051268063 -0.088921562 0.036314927 -0.056025110 0.997082055 -0.051851682 -0.320088506 0.086003751 0.056559678 0.994687974 -0.091078557
0.994090855 0.050899990 -0.095877655 0.044597391 -0.054043803 0.998073220 -0.030482013 -0.287996829 0.094141386 0.035483476 0.994926274 -0.078574076
0.993327618 0.047182430 -0.105232894 0.043795690 -0.048222922 0.998809457 -0.007363731 -0.265736729 0.104760170 0.012389231 0.994420350 -0.072877817
0.992793143 0.044140697 -0.111416005 0.043271743 -0.043024883 0.998997033 0.012400599 -0.245613635 0.111851633 -0.007517561 0.993696511 -0.066870376
0.992542803 0.041775946 -0.114514396 0.043068945 -0.038920656 0.998875916 0.027058249 -0.226474151 0.115516052 -0.022399489 0.993053079 -0.061073549
0.992591083 0.040562235 -0.114531875 0.041902043 -0.036935374 0.998752177 0.033614095 -0.192783669 0.115752444 -0.029134775 0.992850721 -0.050173599
0.992933512 0.038070649 -0.112400196 0.042018205 -0.034111440 0.998735130 0.036940373 -0.176913023 0.113664389 -0.032845199 0.992976129 -0.044209883
0.993635714 0.034713615 -0.107159264 0.042149153 -0.031089235 0.998892665 0.035310067 -0.163306981 0.108266361 -0.031753846 0.993614614 -0.039509177
0.994394422 0.030370064 -0.101278871 0.042147417 -0.027422907 0.999162495 0.030366115 -0.151965782 0.102116302 -0.027418530 0.994394600 -0.034965329
0.995187163 0.029082939 -0.093576357 0.042031806 -0.026983298 0.999356627 0.023625566 -0.141766474 0.094203278 -0.020986866 0.995331824 -0.030527595
0.995950639 0.030491449 -0.084572792 0.041994292 -0.029195599 0.999437213 0.016517252 -0.133902073 0.085028827 -0.013981218 0.996280432 -0.027145661
0.996579707 0.034354541 -0.075157531 0.045278784 -0.033643126 0.999376476 0.010711699 -0.114002533 0.075478666 -0.008146528 0.997114122 -0.020259798
0.996901989 0.037553981 -0.069108561 0.050754510 -0.036950123 0.999267101 0.009995998 -0.109389901 0.069433302 -0.007411462 0.997559071 -0.020092100
0.997103572 0.040255059 -0.064530030 0.058702316 -0.039601989 0.999150872 0.011368304 -0.107175104 0.064932868 -0.008779857 0.997850955 -0.020696376
0.997502387 0.038909059 -0.058949374 0.069499277 -0.038073197 0.999158800 0.015237137 -0.106766872 0.059492655 -0.012954691 0.998144627 -0.022365078
0.998052418 0.033147451 -0.052845519 0.086843476 -0.032131892 0.999284446 0.019953035 -0.108015366 0.053469088 -0.018216144 0.998403311 -0.024494365
0.998599350 0.026044320 -0.046054207 0.101495102 -0.025015261 0.999427378 0.022781547 -0.111447409 0.046621170 -0.021597577 0.998679161 -0.026907185
0.999078035 0.019552635 -0.038222596 0.118592113 -0.018687135 0.999563694 0.022871373 -0.116638467 0.038653117 -0.022136014 0.999007404 -0.031986021
0.999453187 0.014270179 -0.029830139 0.136446267 -0.013707435 0.999725759 0.018985255 -0.121671215 0.030092873 -0.018565975 0.999374628 -0.035780057
0.999702930 0.008255121 -0.022932693 0.155665845 -0.007980441 0.999895692 0.012043522 -0.127197668 0.023029713 -0.011856931 0.999664426 -0.039765269
0.999853432 0.001794573 -0.017027579 0.186714932 -0.001725414 0.999990225 0.004075381 -0.135117158 0.017034724 -0.004045404 0.999846697 -0.048712302
0.999944150 -0.005577271 -0.008982041 0.208931252 0.005533030 0.999972522 -0.004942774 -0.140320912 0.009009359 0.004892800 0.999947429 -0.057166595
0.999876618 -0.015628329 -0.001642681 0.233260393 0.015604476 0.999785125 -0.013648965 -0.144588813 0.001855639 0.013621647 0.999905467 -0.062936693
0.999677896 -0.024609989 0.006213078 0.259074628 0.024741463 0.999450564 -0.022054013 -0.148645908 -0.005666919 0.022200629 0.999737501 -0.072991982
0.999299288 -0.034337863 0.014894791 0.271697402 0.034759186 0.998974502 -0.029015120 -0.168573737 -0.013883188 0.029512517 0.999467969 -0.086383469
0.999033749 -0.038621552 0.020974010 0.324551970 0.039449256 0.998396456 -0.040598262 -0.150413200 -0.019372409 0.041386444 0.998955369 -0.079063386
0.998663247 -0.041816685 0.030379348 0.354721487 0.043246526 0.997908592 -0.048042342 -0.151679754 -0.028306838 0.049291931 0.998383164 -0.087632090
0.998265564 -0.043774970 0.039365657 0.387246281 0.045853022 0.997512698 -0.053533979 -0.149896130 -0.036924288 0.055246167 0.997789741 -0.090850443
0.997838140 -0.041080277 0.051296659 0.420468599 0.044024032 0.997366190 -0.057640631 -0.148333415 -0.048793659 0.059774302 0.997018635 -0.096804544
0.997379959 -0.037827134 0.061662678 0.452994794 0.041535746 0.997332931 -0.060014740 -0.145933077 -0.059228033 0.062418699 0.996291101 -0.103224009
0.996960819 -0.036854930 0.068635181 0.488908112 0.040936116 0.997416019 -0.059036843 -0.144994840 -0.066282034 0.061667085 0.995893478 -0.115521565
0.996447682 -0.039015304 0.074630938 0.517625868 0.043173514 0.997555852 -0.054939687 -0.142098382 -0.072305046 0.057966605 0.995696604 -0.117969230
0.995756626 -0.041878823 0.081944272 0.558913708 0.045848150 0.997833967 -0.047172107 -0.137903020 -0.079791270 0.050728928 0.995519936 -0.117102161
0.994331181 -0.048168313 0.094790332 0.587008834 0.051898941 0.997955859 -0.037291706 -0.136195511 -0.092800289 0.041999824 0.994798601 -0.120871939
0.992371559 -0.055324670 0.110171244 0.614709973 0.058647376 0.997909546 -0.027148413 -0.136038288 -0.108438961 0.033402570 0.993541718 -0.128314421
0.990023613 -0.064192176 0.125429064 0.640833080 0.067113772 0.997560501 -0.019203249 -0.136462554 -0.123890370 0.027429692 0.991916656 -0.134902909
0.987376332 -0.072666630 0.140739068 0.663990378 0.075539306 0.997027457 -0.015170656 -0.137295783 -0.139218330 0.025610479 0.989930511 -0.137492761
0.984414756 -0.078318276 0.157461017 0.683804333 0.081657656 0.996549964 -0.014841296 -0.140344679 -0.155755430 0.027467884 0.987413704 -0.144756585
0.981375992 -0.080926523 0.174218535 0.716413915 0.085534982 0.996152163 -0.019095723 -0.136886269 -0.172002792 0.033641864 0.984521866 -0.137511030
0.977910459 -0.080411211 0.192938343 0.730132580 0.086761139 0.995923460 -0.024677310 -0.137667999 -0.190167457 0.040871747 0.980900526 -0.134141982
0.974519789 -0.076728620 0.210769758 0.737271369 0.085042931 0.995905578 -0.030657023 -0.141097471 -0.207554504 0.047800362 0.977054894 -0.132652014
0.971745074 -0.072919697 0.224486917 0.739462733 0.083047204 0.995895326 -0.035994615 -0.145713538 -0.220940769 0.053620599 0.973812103 -0.137378722
0.969893098 -0.070782162 0.233017996 0.740438104 0.082258709 0.995812178 -0.039895624 -0.145199016 -0.229218245 0.057862245 0.971653759 -0.126964211
0.968892813 -0.069760412 0.237445176 0.736167192 0.081827581 0.995788813 -0.041338000 -0.146752670 -0.233561501 0.059481662 0.970520914 -0.123496704
0.968399823 -0.068533778 0.239801735 0.716217160 0.080602489 0.995907843 -0.040875878 -0.153413743 -0.236019060 0.058912810 0.969960988 -0.117444754
0.969010055 -0.067590550 0.237594292 0.705843866 0.079490311 0.995998204 -0.040854771 -0.155100927 -0.233882084 0.058475129 0.970504880 -0.111063033
0.970582008 -0.065381199 0.231723979 0.696651220 0.077009954 0.996166766 -0.041488506 -0.157335192 -0.228123128 0.058113046 0.971896470 -0.097099096
0.972527206 -0.061290052 0.224576056 0.669148445 0.072524913 0.996476948 -0.042116296 -0.160484180 -0.221203566 0.057246599 0.973546028 -0.092755571
0.974816084 -0.059600804 0.214898556 0.642064571 0.070079684 0.996679008 -0.041470330 -0.161779597 -0.211713240 0.055485968 0.975755513 -0.082984224
0.977570891 -0.062740691 0.201043874 0.625353932 0.071819983 0.996686578 -0.038182318 -0.164574996 -0.197982132 0.051764891 0.978837907 -0.076528251
0.979640007 -0.068596929 0.188679188 0.577100337 0.076471210 0.996465564 -0.034766916 -0.171406090 -0.185627401 0.048487589 0.981423140 -0.075300097
0.981974721 -0.072528899 0.174543038 0.549388528 0.079610594 0.996249080 -0.033909850 -0.172346458 -0.171428934 0.047194090 0.984065473 -0.056598857
0.983333945 -0.071413487 0.167195708 0.515484691 0.078325540 0.996309459 -0.035109937 -0.183543161 -0.164071351 0.047620483 0.985298395 -0.061561804
0.984731972 -0.068704680 0.159945458 0.481915683 0.075862519 0.996352255 -0.039076962 -0.187487110 -0.156677276 0.050614204 0.986352146 -0.048490014
0.986523926 -0.066924021 0.149304211 0.450156271 0.074143901 0.996306181 -0.043320455 -0.190348983 -0.145853519 0.053806666 0.987841904 -0.038854446
0.988363683 -0.065841049 0.137121350 0.420214176 0.072691090 0.996313512 -0.045557600 -0.194143906 -0.133616269 0.054994978 0.989506066 -0.031039033
0.990151703 -0.063384719 0.124827363 0.388420016 0.069611788 0.996505320 -0.046167944 -0.194943652 -0.121464804 0.054402728 0.991103768 -0.015456829
0.992208481 -0.062141620 0.107984990 0.365048438 0.067450330 0.996651471 -0.046221808 -0.191530406 -0.104751103 0.053145304 0.993077457 0.004362017
0.993843079 -0.060189713 0.093021862 0.336383820 0.064637721 0.996868074 -0.045565173 -0.198763564 -0.089987956 0.051297352 0.994620919 0.011983432
0.995054901 -0.058271099 0.080437727 0.315144718 0.062137291 0.996987224 -0.046426903 -0.201306224 -0.077490039 0.051195502 0.995677829 0.027527101
0.995650768 -0.055971920 0.074474163 0.297383219 0.059677273 0.997039080 -0.048493940 -0.207878649 -0.071539357 0.052727453 0.996043146 0.021624479
0.995977998 -0.051738441 0.073151149 0.280961126 0.055592921 0.997115314 -0.051675528 -0.210492283 -0.070266515 0.055534370 0.995981157 0.043516673
0.996017337 -0.048601899 0.074748650 0.264193028 0.052561972 0.997265160 -0.051956158 -0.218208328 -0.072019063 0.055678166 0.995847940 0.066884786
0.995743930 -0.049227092 0.077915616 0.253670752 0.053164408 0.997368455 -0.049291439 -0.222618103 -0.075284109 0.053223979 0.995740712 0.085159458
0.995094895 -0.054722879 0.082410499 0.244794369 0.058544528 0.997283936 -0.044692431 -0.227495492 -0.079740971 0.049297899 0.995595872 0.104117334
0.994308949 -0.062620826 0.086188093 0.236730859 0.066290885 0.996982217 -0.040397294 -0.233853310 -0.083398283 0.045880876 0.995459497 0.121097907
0.993616343 -0.068323605 0.089769952 0.228109822 0.072085299 0.996622086 -0.039348684 -0.236189142 -0.086778268 0.045568593 0.995184898 0.150214821
0.992840111 -0.069288969 0.097301573 0.215199441 0.073421955 0.996516287 -0.039554194 -0.244235098 -0.094221935 0.046415057 0.994468629 0.173662007
0.992012918 -0.070466392 0.104617327 0.216370150 0.075040445 0.996359944 -0.040444668 -0.255549371 -0.101386510 0.047972165 0.993689895 0.188600287
0.991092563 -0.076869458 0.108750254 0.201687410 0.081743002 0.995806336 -0.041082960 -0.263030261 -0.105136156 0.049606591 0.993219852 0.194481462
0.990314245 -0.086969607 0.108232006 0.205404177 0.091984652 0.994864464 -0.042230733 -0.266150266 -0.104003370 0.051777367 0.993228376 0.204508215
0.989385724 -0.097701661 0.107564963 0.207222030 0.102721289 0.993816912 -0.042145845 -0.271095991 -0.102782160 0.052747719 0.993304312 0.186782345
0.988792419 -0.106575571 0.104552492 0.207462534 0.111381128 0.992921770 -0.041238569 -0.276481777 -0.099417411 0.052421555 0.993664086 0.180025727
0.988378525 -0.110966243 0.103895746 0.203842729 0.115623057 0.992491126 -0.039908741 -0.276360571 -0.098687083 0.051457692 0.993787169 0.173588172
0.988265157 -0.107075118 0.108935162 0.196241707 0.111811176 0.992990315 -0.038321387 -0.280385464 -0.104068287 0.050051868 0.993309915 0.157818124
0.988616824 -0.093233921 0.118086010 0.191969007 0.098345958 0.994418144 -0.038217511 -0.277812183 -0.113863692 0.049395751 0.992267609 0.144401297
0.988704860 -0.076447658 0.128912389 0.182159245 0.081871524 0.995944440 -0.037305675 -0.274749130 -0.125537679 0.047438558 0.990953982 0.128230378
0.988755524 -0.063430749 0.135422125 0.174647748 0.068858162 0.996984959 -0.035772480 -0.267194092 -0.132744744 0.044695158 0.990141928 0.108075991
0.988570392 -0.053542435 0.140932009 0.160847366 0.058611259 0.997765899 -0.032061882 -0.260802656 -0.138900459 0.039955631 0.989499986 0.098847911
0.988665164 -0.047450677 0.142441452 0.153930753 0.051549196 0.998351932 -0.025220282 -0.248113081 -0.141010016 0.032277152 0.989481866 0.074784264
0.988955975 -0.043324724 0.141735673 0.149674833 0.045730501 0.998858988 -0.013759108 -0.240522176 -0.140977845 0.020088792 0.989808917 0.046225943
0.989310622 -0.040948816 0.139956117 0.140173376 0.041027922 0.999155343 0.002321191 -0.226252243 -0.139932930 0.003445737 0.990155041 0.030996211
0.989800870 -0.042536940 0.135958791 0.130939528 0.039878637 0.998957455 0.022217628 -0.210608885 -0.136762127 -0.016569171 0.990465343 0.018671654
0.990409493 -0.043864068 0.131014481 0.123375379 0.038575098 0.998345554 0.042639233 -0.193707421 -0.132668078 -0.037176415 0.990463078 0.009508482
0.990831792 -0.042050317 0.128389746 0.116439901 0.034657944 0.997639537 0.059279419 -0.176807433 -0.130579412 -0.054286212 0.989950538 0.003251274
0.990925372 -0.038734525 0.128711268 0.106814258 0.030001480 0.997157812 0.069109790 -0.156934544 -0.131022379 -0.064621106 0.989271164 0.005305766
0.991091251 -0.036001049 0.128227562 0.100838467 0.026805345 0.996991217 0.072731540 -0.142285079 -0.130460188 -0.068646394 0.989074230 0.002365583
0.991331935 -0.035164792 0.126588017 0.095446996 0.026552193 0.997256875 0.069092602 -0.129354879 -0.128670424 -0.065132514 0.989546180 0.000966037
0.991276801 -0.034650683 0.127160892 0.090142660 0.027250525 0.997857392 0.059480846 -0.117158480 -0.128949463 -0.055496782 0.990097046 0.002169559
0.991330743 -0.036386844 0.126250833 0.085321315 0.030667963 0.998426378 0.046950072 -0.106301658 -0.127760530 -0.042671185 0.990886688 0.003035414
0.991213799 -0.036323361 0.127184629 0.081475735 0.031971265 0.998836756 0.036095191 -0.096872613 -0.128347814 -0.031711791 0.991222143 0.004647266
0.991190791 -0.035676371 0.127545699 0.077538855 0.032286387 0.999070823 0.028548596 -0.086611673 -0.128445625 -0.024179118 0.991421759 0.008783596
0.991162717 -0.036001928 0.127672046 0.075670138 0.032936625 0.999118209 0.026040349 -0.081062920 -0.128496945 -0.021605138 0.991474450 0.013431416
0.990994215 -0.036120869 0.128941163 0.074677378 0.032860041 0.999086320 0.027328439 -0.076968268 -0.129810452 -0.022845313 0.991275668 0.019089835
0.990914106 -0.036212824 0.129529417 0.074186422 0.032459047 0.998992920 0.030975446 -0.073967539 -0.130520657 -0.026489604 0.991091669 0.026439279
0.990513861 -0.039161060 0.131714404 0.074223541 0.034779426 0.998767674 0.035404611 -0.071752101 -0.132938549 -0.030487809 0.990655363 0.034582850
0.989810705 -0.042666543 0.135846227 0.074640997 0.037781551 0.998550296 0.038338274 -0.070103027 -0.137285024 -0.032815158 0.989987850 0.043147821
0.988749206 -0.046516564 0.142166406 0.075390153 0.041339412 0.998377502 0.039156847 -0.068564422 -0.143757209 -0.032839227 0.989067972 0.052757625
0.987942040 -0.050236192 0.146447420 0.076563478 0.045024566 0.998236358 0.038689218 -0.066466480 -0.148132756 -0.031628978 0.988461554 0.063819647
0.987092674 -0.055540256 0.150210887 0.078248546 0.050305117 0.997994125 0.038432900 -0.064553633 -0.152044162 -0.030380469 0.987906635 0.072244525
0.986083984 -0.056647521 0.156298697 0.080251314 0.051313337 0.997960985 0.037957828 -0.062644482 -0.158130214 -0.029409409 0.986980200 0.080824777
0.985323727 -0.058187932 0.160471737 0.082379036 0.052694038 0.997876525 0.038285118 -0.061391987 -0.162358716 -0.029267341 0.986297607 0.088605307
0.984937668 -0.062226653 0.161324635 0.084115647 0.056707446 0.997644424 0.038597837 -0.060347378 -0.163346440 -0.028868157 0.986146271 0.095186673
0.984641135 -0.067597441 0.160972789 0.086059578 0.062097583 0.997309327 0.038961355 -0.059666246 -0.163173333 -0.028366942 0.986189425 0.100255549
0.984061122 -0.068564460 0.164080769 0.088910960 0.062858477 0.997231543 0.039724637 -0.058026582 -0.166350216 -0.028777605 0.985646844 0.106722325
0.983618319 -0.070166558 0.166046992 0.090898260 0.063697234 0.996999800 0.043977208 -0.056421947 -0.168634549 -0.032680053 0.985136807 0.110229462
0.983171344 -0.072301120 0.167769462 0.092464015 0.064450562 0.996576428 0.051783189 -0.054521356 -0.170939118 -0.040098913 0.984465301 0.113367029
0.982929587 -0.074936442 0.168029204 0.093611658 0.065779641 0.996063292 0.059422314 -0.052464105 -0.171820611 -0.047355052 0.983989418 0.115922779
0.982705057 -0.075865336 0.168923408 0.094727851 0.065654695 0.995707393 0.065239452 -0.050325941 -0.173147708 -0.053020522 0.983467758 0.118661039
0.982726574 -0.076531403 0.168497369 0.095622279 0.066008762 0.995553732 0.067197338 -0.048223715 -0.172890931 -0.054914311 0.983409047 0.120998822
0.983254731 -0.077298693 0.165030524 0.096109897 0.066983879 0.995489419 0.067186415 -0.046701882 -0.169479549 -0.055006981 0.983997464 0.122885600
0.983397365 -0.077324070 0.164166242 0.096614100 0.067671299 0.995678008 0.063606955 -0.044897698 -0.168375090 -0.051441569 0.984379828 0.124908119
0.983417153 -0.077891946 0.163778558 0.096627772 0.069075048 0.995873213 0.058865611 -0.043899376 -0.167687833 -0.046576437 0.984739304 0.126024947
0.983741581 -0.077308379 0.162098497 0.096453249 0.069434427 0.996140301 0.053698570 -0.042763110 -0.165624157 -0.041570298 0.985312462 0.127014890
0.983689308 -0.073370740 0.164231226 0.096266456 0.066706069 0.996723592 0.045742191 -0.041984208 -0.167049274 -0.034040876 0.985360801 0.127290592
0.983688772 -0.071526185 0.165046439 0.095318228 0.065797806 0.997033894 0.039924938 -0.042206004 -0.167412564 -0.028414011 0.985477448 0.127031907
0.984153628 -0.068212092 0.163672239 0.094513163 0.063013487 0.997335672 0.036752790 -0.042410754 -0.165743127 -0.025856825 0.985829949 0.127264172
0.984130025 -0.064701863 0.165232748 0.094189502 0.059293814 0.997537374 0.037460662 -0.041347608 -0.167249620 -0.027068872 0.985543013 0.128042504
0.983981550 -0.063724115 0.166491568 0.093575776 0.059286922 0.997744083 0.031491820 -0.040706832 -0.168122783 -0.021116592 0.985539854 0.128552318
0.983855426 -0.062967025 0.167521864 0.092797831 0.059782326 0.997923136 0.023991387 -0.040674664 -0.168684602 -0.013589203 0.985576391 0.128739625
0.983911455 -0.063540995 0.166975021 0.092669107 0.059901014 0.997845769 0.026751429 -0.040547706 -0.168315142 -0.016319059 0.985598147 0.128780648
0.983904958 -0.061919712 0.167621583 0.092953995 0.058289800 0.997948110 0.026494443 -0.040474642 -0.168918163 -0.016297374 0.985495389 0.128757149
0.983852565 -0.063317023 0.167407379 0.093049370 0.060325909 0.997915983 0.022898007 -0.040644839 -0.168508336 -0.012429249 0.985621929 0.128562391
