0.999975502 -0.002337642 -0.006587766 -0.002450847 0.002275680 0.999953210 -0.009397402 -0.047305774 0.006609424 0.009382180 0.999934137 -0.014934830
0.999907255 -0.004268513 -0.012933170 -0.003299123 0.004021696 0.999810576 -0.019050248 -0.106883623 0.013012035 0.018996470 0.999734879 -0.033950839
0.999781907 -0.006896120 -0.019706935 -0.002768187 0.006582577 0.999851525 -0.015931072 -0.230131164 0.019813869 0.015797876 0.999678850 -0.069621004
0.999556363 -0.009710824 -0.028156515 -0.002432311 0.009058266 0.999689519 -0.023211809 -0.247483328 0.028373176 0.022946462 0.999333978 -0.082982555
0.999163151 -0.015922232 -0.037676975 -0.000968384 0.015450397 0.999798954 -0.012781383 -0.362338334 0.037872910 0.012188564 0.999208272 -0.119772576
0.998760581 -0.021651940 -0.044815991 0.000099474 0.021283643 0.999735832 -0.008679002 -0.408970833 0.044992071 0.007714398 0.998957574 -0.136292428
0.998055100 -0.030390784 -0.054429494 -0.001331153 0.031105874 0.999439955 0.012339119 -0.598057687 0.054024015 -0.014008202 0.998441398 -0.185215771
0.997553706 -0.033820357 -0.061176822 0.001997880 0.034394156 0.999373496 0.008350509 -0.650240302 0.060856085 -0.010434207 0.998092055 -0.200475365
0.997349739 -0.030173557 -0.066204026 0.002524423 0.030692404 0.999505579 0.006833857 -0.765617728 0.065965101 -0.008847706 0.997782707 -0.222539753
0.997181356 -0.023569759 -0.071229897 -0.004208263 0.022498138 0.999621868 -0.015809627 -0.741697490 0.071575589 0.014162525 0.997334540 -0.229489267
0.996582925 -0.022834385 -0.079379976 -0.005766222 0.021331418 0.999577761 -0.019730635 -0.868320942 0.079796992 0.017969929 0.996649146 -0.251195669
0.995582521 -0.028560732 -0.089441307 -0.011876630 0.026569199 0.999373555 -0.023378551 -0.996731460 0.090053000 0.020898892 0.995717645 -0.285546422
0.994365036 -0.040186208 -0.098098494 -0.012019930 0.037773047 0.998939335 -0.026334599 -1.122473359 0.099052727 0.022480726 0.994828165 -0.307164878
0.993075907 -0.053062197 -0.104807995 -0.002481282 0.050312068 0.998320758 -0.028713275 -1.255909085 0.106155574 0.023241356 0.994077742 -0.347678125
0.992409527 -0.059183754 -0.107798904 0.020047951 0.056235198 0.997960865 -0.030192589 -1.376888752 0.109366007 0.023901317 0.993714154 -0.383607477
0.991807222 -0.063796729 -0.110672660 0.053723119 0.060740121 0.997678995 -0.030776965 -1.480214596 0.112379260 0.023802545 0.993380189 -0.409897476
0.992047012 -0.062855676 -0.109049097 0.047469307 0.059925858 0.997753680 -0.029942499 -1.556935549 0.110686198 0.023169514 0.993585229 -0.429321826
0.992073715 -0.062796004 -0.108841479 0.037101135 0.055908997 0.996303678 -0.065214582 -1.089057326 0.112534389 0.058612451 0.991917551 -0.332079440
0.992186069 -0.061916567 -0.108319864 0.058840632 0.054968346 0.996304512 -0.065998264 -1.110532403 0.112005956 0.059528384 0.991922855 -0.339045376
0.992881954 -0.058712371 -0.103625841 0.075508222 0.052163113 0.996532679 -0.064819492 -1.180423856 0.107072234 0.058952659 0.992501915 -0.354515433
0.994295776 -0.052022338 -0.093110256 0.072694927 0.045636568 0.996541262 -0.069446199 -1.178789496 0.096400969 0.064800829 0.993230939 -0.350416124
0.994942963 -0.049997550 -0.087112345 0.076668307 0.043837592 0.996495008 -0.071245946 -1.185008168 0.090369128 0.067066856 0.993647516 -0.348602980
0.995269775 -0.048479110 -0.084190607 0.070321500 0.042641833 0.996649146 -0.069800444 -1.183646441 0.087292366 0.065880224 0.994001865 -0.345817924
0.995570898 -0.044578843 -0.082773410 0.084229529 0.038771003 0.996758401 -0.070494331 -1.096879840 0.085647650 0.066972896 0.994071901 -0.318170130
0.996202588 -0.038550314 -0.078065604 0.043702077 0.033162463 0.997053206 -0.069174826 -0.955056727 0.080502264 0.066323288 0.994545400 -0.289816976
0.996521950 -0.030261315 -0.077641860 0.084361374 0.025583571 0.997837186 -0.060550779 -0.838662446 0.079306252 0.058353826 0.995140851 -0.258210033
0.997049093 -0.021574993 -0.073673122 0.073545903 0.017935136 0.998602450 -0.049714569 -0.706825733 0.074642733 0.048246525 0.996042550 -0.229711115
0.997474134 -0.013350920 -0.069763817 0.084182441 0.010683602 0.999202788 -0.038467739 -0.570343673 0.070221767 0.037625253 0.996821523 -0.195565939
0.997690797 -0.007130201 -0.067544676 0.099890545 0.005322817 0.999623835 -0.026900582 -0.492861509 0.067711085 0.026478935 0.997353494 -0.171492040
0.997816384 -0.002085473 -0.066016048 0.103608049 0.000590887 0.999743283 -0.022651128 -0.374406248 0.066046350 0.022562662 0.997561455 -0.140287310
0.997836709 0.002637738 -0.065688506 0.117901988 -0.004002822 0.999778569 -0.020658214 -0.280637771 0.065619469 0.020876467 0.997626305 -0.109855257
0.997823417 0.005443682 -0.065716781 0.121618971 -0.006977852 0.999707937 -0.023138203 -0.177633941 0.065571629 0.023546403 0.997569919 -0.081236705
0.997973621 0.010994014 -0.062672935 0.114864677 -0.012820567 0.999502540 -0.028816987 -0.076906309 0.062324949 0.029562097 0.997617900 -0.052380212
0.998090148 0.021057129 -0.058076244 0.126550868 -0.022962749 0.999213099 -0.032342531 -0.014161715 0.057349503 0.033614352 0.997788012 -0.036945734
0.997900486 0.032248821 -0.056165326 0.158084214 -0.034095913 0.998898327 -0.032244734 0.024072798 0.055063590 0.034092050 0.997900605 -0.028210076
0.998105586 0.041604821 -0.045325108 0.017845245 -0.042956319 0.998648286 -0.029263336 0.056364179 0.044046354 0.031154899 0.998543561 -0.028150313
0.998027205 0.049693976 -0.038369257 -0.106921315 -0.050486352 0.998525202 -0.019965172 0.035102867 0.037320521 0.021862907 0.999064147 -0.033783197
0.997423530 0.057721633 -0.042596549 -0.055590633 -0.058134079 0.998272538 -0.008507051 -0.001680902 0.042031921 0.010961447 0.999056101 -0.048457332
0.996816635 0.061155692 -0.051151980 0.019088060 -0.061044056 0.998127997 0.003743347 -0.064302735 0.051285148 -0.000608904 0.998683870 -0.073286019
0.996536672 0.059766926 -0.057814628 0.035678394 -0.059122823 0.998168766 0.012789361 -0.153477341 0.058473140 -0.009326903 0.998245358 -0.107292280
0.996412218 0.056085877 -0.063379437 0.041092694 -0.055010345 0.998312712 0.018590588 -0.273181707 0.064315170 -0.015037363 0.997816324 -0.128038943
0.996098697 0.050056469 -0.072676152 0.075819395 -0.048691243 0.998604774 0.020437796 -0.379447699 0.073597781 -0.016819362 0.997146070 -0.172714904
0.995567560 0.044293094 -0.082966641 0.144869611 -0.042520776 0.998830616 0.023009073 -0.540468633 0.083888762 -0.019379273 0.996286631 -0.220773950
0.994449973 0.039460734 -0.097529769 0.300626516 -0.037792429 0.999106944 0.018894847 -0.662333250 0.098188266 -0.015104096 0.995053232 -0.275146902
0.994180322 0.033929721 -0.102246046 0.311671317 -0.032742478 0.999375761 0.013268171 -0.817040384 0.102632403 -0.009843161 0.994670630 -0.322160482
0.993944705 0.030384580 -0.105597273 0.309120059 -0.029918231 0.999534369 0.005997906 -0.979328632 0.105730347 -0.002802299 0.994390845 -0.352052569
0.994114935 0.026600249 -0.105013281 0.300595134 -0.027022818 0.999631405 -0.002602888 -1.129842997 0.104905352 0.005425327 0.994467437 -0.354231954
0.994552732 0.021596050 -0.101973124 0.307469457 -0.022592677 0.999707580 -0.008628461 -1.277643561 0.101756960 0.010885308 0.994749606 -0.386450768
0.996403992 0.018600034 -0.082662478 0.146884143 -0.021869691 0.999006629 -0.038826399 -1.035332561 0.081858188 0.040494576 0.995820999 -0.332361490
0.997674108 0.018983681 -0.065467574 0.058652010 -0.022088155 0.998649418 -0.047026835 -1.064151645 0.064486414 0.048363514 0.996745944 -0.340110689
0.998410046 0.024086913 -0.050962582 0.072796054 -0.026784085 0.998239398 -0.052920960 -1.094137192 0.049598161 0.054201804 0.997297406 -0.355739892
0.998787463 0.026663885 -0.041383594 0.096593872 -0.028939353 0.998044968 -0.055396676 -1.138940692 0.039825611 0.056527123 0.997606397 -0.351796657
0.998789907 0.023683282 -0.043100514 0.097800851 -0.025331626 0.998952508 -0.038108423 -1.316933990 0.042152826 0.039154112 0.998343706 -0.365586609
0.998651505 0.020857666 -0.047538497 0.085512936 -0.023555763 0.998100758 -0.056921050 -1.197655559 0.046260968 0.057964109 0.997246087 -0.369222343
0.998236477 0.019252531 -0.056152500 0.092884019 -0.021721929 0.998808444 -0.043703035 -1.320798755 0.055244196 0.044845708 0.997465253 -0.363498539
0.998081803 0.021066705 -0.058213782 0.083787583 -0.024927774 0.997480512 -0.066416010 -1.154812574 0.056667954 0.067739755 0.996092319 -0.362839699
0.998034000 0.026822764 -0.056643903 0.095052786 -0.030892724 0.996908426 -0.072243482 -1.128007889 0.054531015 0.073851347 0.995777249 -0.344437301
0.997803450 0.032526463 -0.057708211 0.107973933 -0.036702979 0.996667027 -0.072854444 -1.147682071 0.055146176 0.074812487 0.995671630 -0.342607856
0.997670054 0.036803037 -0.057444457 0.083505683 -0.041230433 0.996108711 -0.077893198 -1.063665271 0.054354221 0.080080181 0.995305359 -0.319188535
0.997402728 0.041794360 -0.058661412 0.066960946 -0.046104595 0.996180356 -0.074156493 -1.051126361 0.055338021 0.076668441 0.995519757 -0.306295991
0.997180223 0.044526715 -0.060405757 0.038796503 -0.048511155 0.996627569 -0.066182636 -1.025204420 0.057255149 0.068926372 0.995977342 -0.294523269
0.996595860 0.049876902 -0.065641992 0.068733215 -0.053160962 0.997369707 -0.049271505 -1.038995862 0.063011825 0.052593376 0.996625960 -0.282081783
0.995890439 0.052397668 -0.073869921 0.113321900 -0.055300012 0.997753799 -0.037806612 -0.893739522 0.071722999 0.041736245 0.996551037 -0.258835435
0.995416641 0.052350901 -0.080031663 0.113228604 -0.053983405 0.998372853 -0.018370930 -0.821809053 0.078939684 0.022607112 0.996622980 -0.241311431
0.994902074 0.048418116 -0.088461541 0.099234015 -0.048793133 0.998806715 -0.002080607 -0.698211491 0.088255242 0.006386314 0.996077359 -0.210531965
0.994890749 0.043951787 -0.090888813 0.039027937 -0.043774646 0.999033630 0.003942523 -0.474014282 0.090974271 0.000056246 0.995853126 -0.162973255
0.994541347 0.041841649 -0.095587425 0.065158091 -0.040597979 0.999064207 0.014919601 -0.399660200 0.096122220 -0.010957500 0.995309114 -0.124877691
0.994681656 0.039038070 -0.095312200 0.057612941 -0.037678923 0.999161482 0.016018962 -0.275717258 0.095857628 -0.012342507 0.995318532 -0.106736057
0.994933784 0.036716744 -0.093587205 0.064963773 -0.035331540 0.999240816 0.016416032 -0.214794934 0.094118893 -0.013026284 0.995475650 -0.087587446
0.995385468 0.034925040 -0.089375995 0.082952678 -0.032677051 0.999114752 0.026493242 -0.357412130 0.090222158 -0.023450436 0.995645463 -0.112208873
0.996127367 0.030452279 -0.082479343 0.067242168 -0.028993208 0.999402165 0.018830735 -0.310759932 0.083003476 -0.016366471 0.996414840 -0.084735245
0.996811390 0.029825035 -0.074009396 0.060827497 -0.027895709 0.999247015 0.026967045 -0.396110207 0.074757949 -0.024816515 0.996892929 -0.084336489
0.997391701 0.030398063 -0.065465450 0.063996777 -0.030486146 0.999535143 -0.000346573 -0.211204782 0.065424472 0.002341463 0.997854710 -0.051931031
0.997812033 0.033981822 -0.056712434 0.075200975 -0.034422971 0.999384046 -0.006819768 -0.174686834 0.056445759 0.008757062 0.998367190 -0.053240284
0.998149097 0.036880154 -0.048354842 0.043042734 -0.037424345 0.999245346 -0.010397155 -0.134836301 0.047934897 0.012187559 0.998776078 -0.038635086
0.998264909 0.039664529 -0.043519601 0.050543096 -0.040051095 0.999165237 -0.008046443 -0.137415394 0.043164112 0.009775491 0.999020100 -0.053103458
0.998463988 0.038583107 -0.039760754 0.094364829 -0.038743831 0.999243736 -0.003279346 -0.153994530 0.039604157 0.004814793 0.999203801 -0.055387791
0.998751700 0.034311146 -0.036300492 0.167028606 -0.033582628 0.999225855 0.020492140 -0.308501095 0.036975503 -0.019247495 0.999130845 -0.085052274
0.999046803 0.028141035 -0.033368681 0.254728317 -0.027271504 0.999283850 0.026233345 -0.346576303 0.034083016 -0.025298331 0.999098778 -0.113244683
0.999384165 0.021563403 -0.027681880 0.307385892 -0.021345705 0.999738991 0.008136107 -0.219287783 0.027850091 -0.007540209 0.999583602 -0.080046870
0.999758422 0.015678629 -0.015402388 0.270312816 -0.015611695 0.999868155 0.004456189 -0.235772714 0.015470229 -0.004214657 0.999871433 -0.063592590
0.999962807 0.008072567 -0.003019989 0.196158007 -0.008064973 0.999964356 0.002519948 -0.304689825 0.003040232 -0.002495499 0.999992192 -0.108034238
0.999994576 0.002062254 0.002537496 0.248009890 -0.002055629 0.999994516 -0.002611366 -0.352421761 -0.002542861 0.002606135 0.999993384 -0.144675717
0.999950588 -0.004262580 0.008981131 0.302234679 0.004311920 0.999975681 -0.005482060 -0.450868219 -0.008957550 0.005520516 0.999944568 -0.164924085
0.999848366 -0.013246088 0.011306301 0.417656928 0.013410049 0.999804139 -0.014551108 -0.455432564 -0.011111334 0.014700523 0.999830127 -0.158823267
0.999686897 -0.020485112 0.014370795 0.535739422 0.020567141 0.999772966 -0.005583921 -0.591323197 -0.014253147 0.005877738 0.999881268 -0.190837711
0.999473989 -0.028094135 0.016201235 0.656994224 0.028578587 0.999126434 -0.030489270 -0.485513479 -0.015330501 0.030936241 0.999403834 -0.185868114
0.998423040 -0.037583914 0.041700006 0.408847600 0.039706826 0.997893333 -0.051306330 -0.316334277 -0.039683864 0.052881192 0.997811973 -0.165534660
0.996524036 -0.044531316 0.070405252 0.127798751 0.049381483 0.996413052 -0.068720073 -0.163940415 -0.067092516 0.071957916 0.995148540 -0.172598407
0.996905446 -0.043679386 0.065357119 0.394310594 0.047627859 0.997053802 -0.060127914 -0.357737541 -0.062538214 0.063054666 0.996048629 -0.260420293
0.996749043 -0.039944585 0.069970034 0.875095904 0.043644115 0.997684121 -0.052167241 -0.447014362 -0.067724198 0.055051424 0.996184111 -0.241609454
0.996116102 -0.036266550 0.080233157 0.925980389 0.040688261 0.997701764 -0.054179911 -0.450984925 -0.078083850 0.057234023 0.995302618 -0.263101161
0.995727837 -0.035335489 0.085308775 0.994676173 0.040020090 0.997747123 -0.053842384 -0.439817518 -0.083214045 0.057026424 0.994898736 -0.269152462
0.995354235 -0.037214305 0.088798240 1.076513767 0.041712463 0.997910142 -0.049349461 -0.438199162 -0.086776152 0.052824181 0.994826436 -0.282482505
0.994557261 -0.040114913 0.096160322 1.138843298 0.044085506 0.998245537 -0.039528061 -0.464981645 -0.094405964 0.043552194 0.994580686 -0.297857940
0.992787123 -0.046819303 0.110371090 1.147519231 0.050547335 0.998233557 -0.031223323 -0.429048717 -0.108714253 0.036577079 0.993399978 -0.330471277
0.991008818 -0.054538663 0.122176565 1.227078080 0.057506975 0.998126268 -0.020899616 -0.430428386 -0.120807797 0.027737701 0.992288351 -0.381351978
0.988515675 -0.062679283 0.137506485 1.260606050 0.065000005 0.997807562 -0.012447856 -0.436113924 -0.136424780 0.021242820 0.990422726 -0.381371975
0.986073196 -0.069845438 0.150934651 1.329952836 0.072010137 0.997364044 -0.008917343 -0.430047601 -0.149913967 0.019661978 0.988503516 -0.392015994
0.982780516 -0.077163443 0.167893827 1.334124327 0.079823084 0.996767163 -0.009140201 -0.417942256 -0.166645765 0.022384614 0.985762715 -0.442307770
0.978556991 -0.080086142 0.189769834 1.314371824 0.084259376 0.996345282 -0.014012463 -0.403246254 -0.187954068 0.029701879 0.981728613 -0.414052784
0.973951817 -0.079163410 0.212487370 1.272085667 0.084676035 0.996264219 -0.016954940 -0.441706598 -0.210351348 0.034505885 0.977016747 -0.420176566
0.972219706 -0.075772092 0.221466720 1.410324454 0.082857803 0.996298969 -0.022867259 -0.448997408 -0.218914375 0.040582247 0.974899769 -0.459789127
0.968415260 -0.071318641 0.238925815 1.620684505 0.080662481 0.996303320 -0.029547937 -0.457198441 -0.235935315 0.047887024 0.970588148 -0.393203616
0.966379285 -0.068477705 0.247833908 1.615969181 0.078522451 0.996434450 -0.030863168 -0.494535893 -0.244836807 0.049286064 0.968310773 -0.388978153
0.966111183 -0.067520879 0.249139100 1.400355101 0.078205287 0.996383369 -0.033227712 -0.469188094 -0.245994493 0.051585663 0.967897534 -0.412166059
0.965923548 -0.067513280 0.249867409 1.391616106 0.078397036 0.996347189 -0.033853415 -0.457512975 -0.246669143 0.052288670 0.967688143 -0.422629386
0.966299474 -0.065926708 0.248834938 1.361728907 0.076727360 0.996474028 -0.033947662 -0.460385591 -0.245719448 0.051896058 0.967950821 -0.404364228
0.966857433 -0.063943379 0.247179762 1.549214125 0.074616469 0.996630847 -0.034046341 -0.487756968 -0.244169921 0.051361639 0.968371272 -0.337401271
0.968609631 -0.060451243 0.241124570 1.498502254 0.071220957 0.996803641 -0.036194108 -0.469929039 -0.238165870 0.052231085 0.969819009 -0.308451056
0.971647680 -0.058381256 0.229111969 1.240530133 0.068091162 0.997075438 -0.034699671 -0.466994971 -0.226416111 0.049316354 0.972781420 -0.347195506
0.974876285 -0.061559074 0.214071780 1.240184665 0.069951490 0.997042000 -0.031844769 -0.466407597 -0.211478263 0.046019353 0.976298749 -0.335536361
0.977235675 -0.066799574 0.201366007 1.167989492 0.073634103 0.996929586 -0.026635088 -0.501114786 -0.198968530 0.040856168 0.979153931 -0.307099581
0.979009330 -0.071137011 0.190997899 1.092745900 0.077339672 0.996685982 -0.025209753 -0.510857284 -0.188571572 0.039452299 0.981266677 -0.282810628
0.980771363 -0.070421368 0.182011992 1.061472774 0.076907106 0.996621728 -0.028815806 -0.495283693 -0.179367870 0.042259738 0.982873976 -0.258339286
0.982336342 -0.067280509 0.174610347 1.018531084 0.073848404 0.996775389 -0.031386584 -0.518570721 -0.171935618 0.043726873 0.984137237 -0.235461131
0.984080970 -0.065718323 0.165123194 0.967392385 0.072502159 0.996740043 -0.035391204 -0.528658330 -0.162259072 0.046799600 0.985637784 -0.207566604
0.985992849 -0.064677887 0.153736115 0.914329290 0.071013041 0.996822834 -0.036074508 -0.558225095 -0.150914431 0.046486475 0.987453222 -0.190574676
0.988203526 -0.062087707 0.139996171 0.897345304 0.067794718 0.997036219 -0.036367379 -0.560668945 -0.137323305 0.045429375 0.989483953 -0.192363679
0.990006208 -0.060996108 0.127150580 0.818411112 0.066407762 0.997039318 -0.038761735 -0.525557756 -0.124409817 0.046818145 0.991125703 -0.150302991
0.991780877 -0.059553377 0.113244250 0.758656800 0.064209014 0.997215867 -0.037915271 -0.539506733 -0.110670991 0.044874936 0.992843509 -0.111134045
0.993376791 -0.057339899 0.099572584 0.745605707 0.061636858 0.997271478 -0.040625457 -0.514282703 -0.096971445 0.046493731 0.994200647 -0.094780818
0.994146049 -0.054619499 0.093222789 0.709393501 0.058945917 0.997277558 -0.044302907 -0.508832335 -0.090549201 0.049538657 0.994659126 -0.059307657
0.994524598 -0.050219573 0.091645338 0.694646597 0.054594811 0.997454166 -0.045874171 -0.535679042 -0.089108258 0.050626349 0.994734466 -0.034134679
0.994674265 -0.046800494 0.091830671 0.687510371 0.051233187 0.997602522 -0.046520870 -0.539804280 -0.089433312 0.050977889 0.994687319 -0.005637214
0.994244397 -0.047613278 0.095973998 0.658392668 0.052023862 0.997676492 -0.043988790 -0.544209599 -0.093656570 0.048728548 0.994411409 0.028825730
0.993482351 -0.052482095 0.101184651 0.639673769 0.056605242 0.997661054 -0.038315799 -0.566428125 -0.098937094 0.043793656 0.994129479 0.047395840
0.992703497 -0.060675647 0.104202904 0.639905274 0.064388230 0.997390985 -0.032639079 -0.597975254 -0.101950660 0.039110370 0.994020343 0.081624210
0.991903782 -0.067021608 0.107865423 0.626778364 0.071040705 0.996898711 -0.033855122 -0.562515140 -0.105261877 0.041243859 0.993588924 0.104792774
0.991179526 -0.067950949 0.113779441 0.636638105 0.072233327 0.996810019 -0.033943053 -0.575467944 -0.111110032 0.041862328 0.992926002 0.140889794
0.990091681 -0.069406696 0.122070625 0.621119261 0.074162848 0.996636748 -0.034854736 -0.588672400 -0.119240940 0.043562487 0.991909266 0.142855406
0.989345968 -0.075627863 0.124398127 0.625208437 0.080513582 0.996148467 -0.034720764 -0.612433434 -0.121293157 0.044366583 0.991624713 0.149551421
0.988364577 -0.085673891 0.125680402 0.606188893 0.090915598 0.995186865 -0.036570676 -0.606863618 -0.121942334 0.047571469 0.991396546 0.167035118
0.987600982 -0.095758878 0.124396965 0.614205658 0.101101995 0.994174242 -0.037359551 -0.604260564 -0.120094761 0.049473107 0.991529047 0.178990543
0.986990631 -0.104418360 0.122254699 0.609101892 0.109295957 0.993431747 -0.033876661 -0.646188736 -0.117914379 0.046797901 0.991920412 0.163006455
0.986698568 -0.108734883 0.120841108 0.608765006 0.113399573 0.993021071 -0.032399420 -0.646708250 -0.116474822 0.045671798 0.992143035 0.145822302
0.986460567 -0.105406433 0.125638515 0.600626469 0.110039555 0.993458867 -0.030505922 -0.658974886 -0.121601209 0.043918092 0.991607010 0.117219731
0.986701369 -0.091828808 0.134118736 0.603889287 0.096914418 0.994781911 -0.031881854 -0.633822680 -0.130491227 0.044455905 0.990452290 0.098920420
0.986480296 -0.074972443 0.145725369 0.580721140 0.080437399 0.996246874 -0.031970076 -0.617691815 -0.142781585 0.043259628 0.988808393 0.088155910
0.986394644 -0.062237106 0.152158350 0.563633561 0.067492753 0.997280002 -0.029618319 -0.616067231 -0.149901122 0.039484940 0.987912238 0.042249620
0.986174285 -0.052586537 0.157145947 0.559651017 0.057443898 0.997996211 -0.026526490 -0.598615229 -0.155436128 0.035186816 0.987219036 0.026965544
0.986306012 -0.046218876 0.158317208 0.549879611 0.049986076 0.998551667 -0.019894376 -0.580885291 -0.157168448 0.027535599 0.987187862 -0.003481045
0.986451864 -0.042405941 0.158475488 0.530050755 0.044398993 0.998972833 -0.009055544 -0.559872866 -0.157928705 0.015969004 0.987321436 -0.037367579
0.986726999 -0.040084578 0.157362700 0.512716174 0.039695993 0.999195874 0.005612820 -0.527020752 -0.157461196 0.000708338 0.987524986 -0.034270007
0.987190425 -0.042268857 0.153845280 0.492684245 0.038485322 0.998880923 0.027490009 -0.534467876 -0.154835105 -0.021217093 0.987712502 -0.046548251
0.987908661 -0.045228735 0.148293197 0.486261010 0.038638487 0.998146057 0.047025729 -0.498149157 -0.150145203 -0.040727302 0.987824738 -0.064894706
0.988155961 -0.043107096 0.147274271 0.455197811 0.034614578 0.997613072 0.059749734 -0.422542125 -0.149498373 -0.053944223 0.987289369 -0.064446345
0.988101244 -0.040540501 0.148365885 0.425218254 0.030362474 0.997068286 0.070234805 -0.399978250 -0.150778279 -0.064894348 0.986435294 -0.057821721
0.988937378 -0.036593787 0.143749058 0.484183311 0.025695145 0.996703386 0.076955348 -0.421424508 -0.146091253 -0.072410367 0.986617506 -0.098695531
0.989461303 -0.035211977 0.140450686 0.510468364 0.025700143 0.997287452 0.068972051 -0.339598656 -0.142498359 -0.064635575 0.987682343 -0.081877738
0.989231288 -0.033875164 0.142386585 0.490321130 0.026329577 0.998163879 0.054548163 -0.259809375 -0.143973008 -0.050211787 0.988306940 -0.025402414
0.987964392 -0.038467243 0.149821892 0.052626215 0.030900719 0.998142242 0.052508801 -0.355406493 -0.151563436 -0.047247224 0.987317622 -0.046575610
0.987946630 -0.037645873 0.150147334 0.062212266 0.031850424 0.998658717 0.040818986 -0.328351706 -0.151482657 -0.035544727 0.987820625 -0.058003575
0.987887800 -0.037245717 0.150633454 0.045716465 0.032687020 0.998932958 0.032627985 -0.293254882 -0.151687935 -0.027309023 0.988051057 -0.062079065
0.987780273 -0.037575368 0.151255295 0.031487964 0.033633452 0.999026775 0.028536724 -0.263026625 -0.152180344 -0.023100773 0.988082767 -0.044856515
0.987573743 -0.036631051 0.152827904 0.029633878 0.032619670 0.999056458 0.028673800 -0.237100035 -0.153734028 -0.023332294 0.987836719 -0.027620338
0.987579763 -0.037764560 0.152512580 0.031057488 0.032610491 0.998813927 0.036156416 -0.267082214 -0.153697163 -0.030733831 0.987639904 -0.022110876
0.987104535 -0.040393732 0.154896379 0.032964937 0.034618426 0.998607516 0.039803941 -0.257387757 -0.156288564 -0.033928379 0.987128496 0.009492341
0.986219287 -0.044411190 0.159371287 0.032688133 0.038237020 0.998402417 0.041601911 -0.247189850 -0.160964280 -0.034934729 0.986341715 0.058210883
0.985054553 -0.048312858 0.165327936 0.038930349 0.041938726 0.998244047 0.041832581 -0.241687566 -0.167058691 -0.034273732 0.985351026 0.092716873
0.984100282 -0.052220412 0.169763654 0.043912672 0.045974426 0.998120427 0.040519964 -0.232780129 -0.171560585 -0.032070909 0.984651446 0.137327701
0.983068407 -0.056837734 0.174200714 0.051724158 0.050653201 0.997925043 0.039748590 -0.225502372 -0.176098481 -0.030251754 0.983907580 0.172968298
0.981943548 -0.058640629 0.179855958 0.061127536 0.052525368 0.997874022 0.038580958 -0.215516627 -0.181736022 -0.028437326 0.982936084 0.202174515
0.981205761 -0.060308971 0.183297738 0.060418062 0.053529110 0.997694552 0.041718211 -0.226028949 -0.185391113 -0.031122381 0.982171834 0.167931542
0.980833173 -0.065302268 0.183580950 0.069625005 0.058574658 0.997405827 0.041839380 -0.222085297 -0.185836941 -0.030284256 0.982113779 0.184258819
0.980515003 -0.069243520 0.183835223 0.076879151 0.062647164 0.997174323 0.041457497 -0.217148796 -0.186186403 -0.029132944 0.982082427 0.216896534
0.979866445 -0.070473582 0.186802462 0.087067239 0.063636027 0.997073770 0.042357877 -0.211721852 -0.189240977 -0.029617693 0.981483936 0.235519588
0.979399920 -0.072969690 0.188285053 0.096427590 0.065399535 0.996792793 0.046118166 -0.204242542 -0.191046402 -0.032854371 0.981031001 0.252541065
0.979057848 -0.074789338 0.189346954 0.103625864 0.065765984 0.996399403 0.053506821 -0.196055651 -0.192666933 -0.039933681 0.980451345 0.264629483
0.978692174 -0.077713981 0.190058321 0.108445629 0.067237161 0.995872080 0.060974527 -0.187150344 -0.194012359 -0.046896309 0.979877532 0.272845745
0.978441179 -0.079175144 0.190746322 0.112801865 0.067780852 0.995544732 0.065546878 -0.177148402 -0.195086181 -0.051204816 0.979448497 0.284560651
0.978466392 -0.079989620 0.190276384 0.117132261 0.068276644 0.995390773 0.067346871 -0.167693675 -0.194786385 -0.052905221 0.979417861 0.295965612
0.978954971 -0.080758467 0.187417209 0.118805394 0.069264650 0.995339274 0.067096852 -0.161743671 -0.191962346 -0.052703414 0.979986191 0.302186906
0.979239106 -0.079420023 0.186502486 0.120547563 0.068607531 0.995605409 0.063740835 -0.155904546 -0.190745190 -0.049622048 0.980384648 0.308530509
0.979282439 -0.080981024 0.185601771 0.120770335 0.071285151 0.995748162 0.058342151 -0.150999397 -0.189537257 -0.043902796 0.980891466 0.313813210
0.979662955 -0.080695517 0.183708072 0.120204777 0.072197735 0.996007740 0.052495878 -0.145016149 -0.187210858 -0.038164962 0.981578052 0.317732394
0.979707539 -0.076733127 0.185162485 0.120823830 0.069576755 0.996567786 0.044851895 -0.142979443 -0.187968627 -0.031058734 0.981683791 0.319175750
0.979465008 -0.074889101 0.187189609 0.114476860 0.068768032 0.996870339 0.038991749 -0.144175857 -0.189523846 -0.025318390 0.981549561 0.318278015
0.979915082 -0.072515391 0.185763359 0.110478610 0.066969365 0.997106493 0.035966676 -0.144730419 -0.187834010 -0.022803830 0.981935978 0.318610609
0.979819179 -0.067696132 0.188073501 0.108108841 0.061867386 0.997409523 0.036697902 -0.141442284 -0.190070599 -0.024321688 0.981469095 0.321410626
0.979726791 -0.066656187 0.188924104 0.107091390 0.061945412 0.997606099 0.030737378 -0.137663618 -0.190520644 -0.018411253 0.981510580 0.323595732
0.979614675 -0.064448006 0.190266594 0.092490755 0.060465764 0.997814000 0.026667653 -0.163485572 -0.191569388 -0.014619411 0.981370211 0.284639776
0.979754686 -0.065589510 0.189152554 0.092799485 0.061039701 0.997690797 0.029786091 -0.163236931 -0.190669417 -0.017637249 0.981495917 0.284639657
0.979700506 -0.063034832 0.190298378 0.093242474 0.058555029 0.997860610 0.029078452 -0.162486449 -0.191724181 -0.017345248 0.981295586 0.285223991
0.979630470 -0.063820884 0.190396935 0.093075961 0.060033940 0.997868121 0.025597796 -0.163022205 -0.191624701 -0.013646106 0.981373370 0.283690006
0.979694247 -0.064322032 0.189899698 0.093200095 0.060415834 0.997826934 0.026293982 -0.162591532 -0.191178292 -0.014287116 0.981451333 0.283285141
0.979814827 -0.062542491 0.189872220 0.093654126 0.058606733 0.997935176 0.026278818 -0.161637783 -0.191123694 -0.014620583 0.981457114 0.282643259
0.979831934 -0.061643533 0.190077037 0.093173981 0.057661686 0.997986674 0.026413798 -0.161380723 -0.191322610 -0.014920921 0.981413782 0.282957315
0.979770362 -0.064268835 0.189524561 0.092330009 0.060278639 0.997823298 0.026749546 -0.161368266 -0.190831155 -0.014784131 0.981511533 0.283003747
0.979830086 -0.062521212 0.189800039 0.093406141 0.058449063 0.997925699 0.026983032 -0.161466315 -0.191093326 -0.015345153 0.981451929 0.282875121
0.979784548 -0.063832447 0.189598665 0.092899457 0.059799779 0.997847378 0.026920717 -0.161932170 -0.190908939 -0.015038544 0.981492519 0.283073097
0.979754806 -0.062690161 0.190132678 0.092662089 0.058623794 0.997916520 0.026942214 -0.161614016 -0.191425562 -0.015250469 0.981388628 0.282658011
0.979820371 -0.063240990 0.189611822 0.092992187 0.059248023 0.997887254 0.026659518 -0.161489293 -0.190897197 -0.014887414 0.981497109 0.283010781
0.979782820 -0.063268207 0.189796269 0.092727736 0.059263501 0.997885048 0.026707785 -0.161485910 -0.191084608 -0.014919840 0.981460214 0.283251464
0.979774654 -0.062739618 0.190014049 0.092885643 0.058688864 0.997914493 0.026876487 -0.161646992 -0.191303983 -0.015181192 0.981413424 0.283026189
0.979774833 -0.063770361 0.189669549 0.092433408 0.059742063 0.997851789 0.026886685 -0.161735132 -0.190976664 -0.015011648 0.981479824 0.283427656
0.979821801 -0.062582910 0.189822495 0.093300626 0.058538582 0.997924149 0.026844123 -0.161608189 -0.191108435 -0.015190519 0.981451392 0.282828808
0.979793131 -0.064236060 0.189417690 0.092577182 0.060244828 0.997824907 0.026760215 -0.161885545 -0.190724641 -0.014808040 0.981531918 0.283390820
0.979813814 -0.062608950 0.189855412 0.092901327 0.058560014 0.997922301 0.026867583 -0.161580086 -0.191143110 -0.015207293 0.981444359 0.282890111
0.979826391 -0.063475400 0.189502209 0.092750430 0.059455216 0.997870386 0.026830427 -0.161660761 -0.190801725 -0.015022265 0.981513619 0.282903492
0.979823828 -0.063526891 0.189498544 0.093043551 0.059508007 0.997867286 0.026828896 -0.161624476 -0.190798730 -0.015010909 0.981514454 0.282511264
0.979812086 -0.063016400 0.189729109 0.092831016 0.058958989 0.997896254 0.026960038 -0.161813959 -0.191028878 -0.015229535 0.981466234 0.282839477
0.979753494 -0.063374072 0.189912513 0.092518598 0.059343766 0.997876704 0.026839934 -0.161560684 -0.191210255 -0.015026398 0.981434107 0.283224046
0.979769051 -0.063145317 0.189908609 0.092926994 0.059075043 0.997887731 0.027023716 -0.161640465 -0.191213891 -0.015258148 0.981429815 0.282996416
0.979741514 -0.063750379 0.189848498 0.092463538 0.059705492 0.997852087 0.026955705 -0.161891967 -0.191159114 -0.015074629 0.981443286 0.283032715
0.979819536 -0.062742874 0.189781442 0.092986196 0.058731481 0.997916818 0.026693426 -0.161534861 -0.191060930 -0.015008596 0.981463432 0.283142447
0.979780912 -0.063354060 0.189777568 0.092369825 0.059314322 0.997876942 0.026897302 -0.161579296 -0.191078678 -0.015096936 0.981458664 0.282564610
0.979812026 -0.063193977 0.189670548 0.092857450 0.059164867 0.997887492 0.026836177 -0.161476165 -0.190965727 -0.015072578 0.981481016 0.282777250
0.979748726 -0.063291050 0.189964816 0.092700526 0.059231427 0.997879684 0.026978362 -0.161885753 -0.191269502 -0.015180129 0.981420219 0.283077419
0.979782999 -0.063200615 0.189818129 0.092586681 0.059151426 0.997885764 0.026928045 -0.161601275 -0.191118702 -0.015155631 0.981449902 0.283096910
0.979804575 -0.063041270 0.189759612 0.093041748 0.058995403 0.997895837 0.026900584 -0.161471456 -0.191056162 -0.015162376 0.981461942 0.283899158
0.979782701 -0.063132748 0.189842567 0.092783749 0.059048992 0.997887313 0.027097102 -0.161806569 -0.191152215 -0.015339260 0.981440485 0.283175468
0.979808211 -0.063111797 0.189717606 0.092770323 0.059085984 0.997892976 0.026807608 -0.161594972 -0.191009715 -0.015056667 0.981472671 0.283057660
0.979833543 -0.063248634 0.189540863 0.092714190 0.059210330 0.997883081 0.026899032 -0.161639839 -0.190840960 -0.015133799 0.981504321 0.283643633
0.979761600 -0.063112758 0.189957514 0.092715457 0.059075255 0.997892499 0.026848501 -0.161466300 -0.191251636 -0.015083348 0.981425166 0.283215344
0.979794741 -0.063262664 0.189737275 0.092717625 0.059234023 0.997883379 0.026834879 -0.161679506 -0.191033319 -0.015053770 0.981468141 0.282755822
0.979814649 -0.062913857 0.189749911 0.092824243 0.058868095 0.997903585 0.026888762 -0.161637545 -0.191043779 -0.015175789 0.981464267 0.282908797
0.979790390 -0.062932707 0.189869285 0.092620119 0.058902081 0.997903883 0.026803220 -0.161476150 -0.191158116 -0.015077840 0.981443465 0.283024251
0.979821026 -0.063373365 0.189564317 0.092902161 0.059323747 0.997874498 0.026967192 -0.161671281 -0.190870389 -0.015177359 0.981497943 0.282952368
0.979819655 -0.063296653 0.189596951 0.092632025 0.059246790 0.997879267 0.026958499 -0.161746770 -0.190901279 -0.015181456 0.981491804 0.282881141
0.979795039 -0.063402310 0.189688921 0.092728510 0.059363179 0.997873902 0.026905926 -0.161698729 -0.190991506 -0.015101757 0.981475472 0.282975256
0.979791045 -0.063291274 0.189746290 0.092831016 0.059271067 0.997882307 0.026793545 -0.161510006 -0.191040277 -0.015005610 0.981467545 0.283329546
0.979771078 -0.063379146 0.189820349 0.092681088 0.059354220 0.997876704 0.026820252 -0.161518157 -0.191117167 -0.015011069 0.981452465 0.283128679
0.979815245 -0.063629851 0.189508289 0.092879012 0.059594590 0.997859597 0.026922135 -0.161656916 -0.190815732 -0.015085045 0.981509924 0.283465654
0.979757905 -0.063019030 0.190007746 0.092749432 0.058982704 0.997898459 0.026829544 -0.161475167 -0.191299185 -0.015079284 0.981415927 0.283277869
0.979828954 -0.063359268 0.189528093 0.092986330 0.059338532 0.997877598 0.026820190 -0.161716402 -0.190825149 -0.015032880 0.981508970 0.283000529
0.979851127 -0.063154757 0.189481214 0.092804089 0.059141666 0.997890770 0.026765328 -0.161516964 -0.190771908 -0.015019805 0.981519461 0.283533782
0.979809523 -0.062746443 0.189832032 0.092861295 0.058706015 0.997914493 0.026838832 -0.161549151 -0.191120207 -0.015152661 0.981449664 0.283479333
0.979836404 -0.063422404 0.189467877 0.092768840 0.059390396 0.997872710 0.026888996 -0.161668494 -0.190770164 -0.015094250 0.981518686 0.282653242
0.979790092 -0.063092269 0.189817488 0.092544727 0.059065055 0.997894228 0.026804976 -0.161625162 -0.191108957 -0.015051669 0.981453419 0.282871246
0.979833722 -0.063156158 0.189570814 0.092945844 0.059122875 0.997889280 0.026862036 -0.161616832 -0.190867141 -0.015112358 0.981499493 0.283227295
0.979779541 -0.062953562 0.189917892 0.092563644 0.058928214 0.997903168 0.026774144 -0.161447436 -0.191205204 -0.015041240 0.981434882 0.282907158
0.979892075 -0.062903546 0.189353347 0.092353642 0.058872834 0.997904480 0.026842492 -0.161566257 -0.190645054 -0.015154978 0.981542051 0.283607841
0.979732394 -0.062898360 0.190179646 0.092193857 0.058812868 0.997902334 0.027056260 -0.161743343 -0.191482499 -0.015322884 0.981376410 0.282726198
0.979835927 -0.063217990 0.189538881 0.092775673 0.059157629 0.997883260 0.027009737 -0.161920756 -0.190845162 -0.015252437 0.981501639 0.283065677
0.979775965 -0.063248225 0.189838886 0.092715859 0.059209108 0.997883677 0.026879169 -0.161680773 -0.191137180 -0.015095373 0.981447220 0.283348709
0.979642808 -0.063275598 0.190515220 0.092768595 0.059255447 0.997884870 0.026730619 -0.161423177 -0.191803649 -0.014897394 0.981320322 0.283345997
0.979728103 -0.063425437 0.190026462 0.093002424 0.059362527 0.997871280 0.027002966 -0.161555752 -0.191334605 -0.015175115 0.981407583 0.283577114
0.979700744 -0.063398987 0.190176457 0.092623793 0.059344947 0.997873902 0.026942981 -0.161560684 -0.191480264 -0.015110048 0.981380224 0.283417612
0.979761720 -0.063783385 0.189733267 0.092704847 0.059737224 0.997849643 0.026974652 -0.161778137 -0.191045791 -0.015094593 0.981465101 0.282670736
0.979807019 -0.063773029 0.189502656 0.092566006 0.059737626 0.997850657 0.026936909 -0.161890090 -0.190813199 -0.015072533 0.981510639 0.283287913
0.979770541 -0.063439369 0.189802930 0.092519999 0.059389926 0.997870922 0.026953226 -0.161911681 -0.191108719 -0.015135595 0.981452227 0.282949209
0.979804218 -0.063647650 0.189559057 0.092430606 0.059604436 0.997857928 0.026960656 -0.161926270 -0.190869004 -0.015117606 0.981499135 0.282559365
0.979792416 -0.063651368 0.189618617 0.092417955 0.059634142 0.997859895 0.026822584 -0.161728784 -0.190920085 -0.014972825 0.981491387 0.283496678
0.979729652 -0.063535400 0.189981475 0.092958651 0.059487022 0.997865498 0.026942484 -0.161953092 -0.191287771 -0.015094922 0.981417894 0.283245593
0.979678035 -0.063989371 0.190095648 0.092795849 0.059920277 0.997835755 0.027082689 -0.161921099 -0.191417247 -0.015141735 0.981391907 0.283689559
0.979824543 -0.063654624 0.189451694 0.092549443 0.059573960 0.997854352 0.027162688 -0.161818609 -0.190774247 -0.015328282 0.981514215 0.283363968
0.979847312 -0.063562550 0.189364791 0.092873931 0.059552897 0.997865498 0.026795518 -0.161732331 -0.190663770 -0.014978294 0.981541157 0.283388466
0.979930878 -0.063462965 0.188965440 0.092647180 0.059475072 0.997872531 0.026705887 -0.161752179 -0.190258235 -0.014931194 0.981620491 0.283538431
0.979895175 -0.063266672 0.189215794 0.092950687 0.059210856 0.997879803 0.027017277 -0.161784798 -0.190523922 -0.015270471 0.981563747 0.283625811
0.979905725 -0.063437365 0.189104393 0.092992380 0.059372798 0.997868359 0.027087640 -0.161801755 -0.190419659 -0.015315681 0.981583238 0.283674687
0.979894280 -0.063568346 0.189119816 0.092954278 0.059517689 0.997861326 0.027027098 -0.161911398 -0.190433443 -0.015227727 0.981581986 0.283189267
0.979777455 -0.062863201 0.189958543 0.092657492 0.058803320 0.997906029 0.026939511 -0.161725655 -0.191254303 -0.015224536 0.981422484 0.282925427
0.979673624 -0.063502364 0.190281585 0.092514917 0.059404012 0.997864127 0.027171284 -0.161796853 -0.191600636 -0.015315506 0.981353521 0.282581329
0.979708552 -0.062964350 0.190280244 0.092725933 0.058920261 0.997901857 0.026842250 -0.161775365 -0.191571102 -0.015086222 0.981362760 0.283447236
0.979735553 -0.063486882 0.189967617 0.093052164 0.059399851 0.997865319 0.027137322 -0.161856949 -0.191284969 -0.015303354 0.981415212 0.283272982
0.979769170 -0.063511632 0.189785808 0.092937157 0.059447803 0.997865379 0.027035352 -0.161864355 -0.191097721 -0.015206055 0.981453180 0.282926798
0.979795337 -0.063514538 0.189649463 0.092742644 0.059473902 0.997866690 0.026927462 -0.161612764 -0.190955162 -0.015104207 0.981482565 0.282804966
0.979805052 -0.063348278 0.189654946 0.092721716 0.059289783 0.997875631 0.027003005 -0.161846682 -0.190962628 -0.015213083 0.981479466 0.282873124
0.979816318 -0.063504376 0.189544410 0.093219772 0.059469797 0.997867525 0.026903857 -0.161518410 -0.190848738 -0.015088670 0.981503487 0.283325016
0.979743063 -0.063341968 0.189977005 0.092429861 0.059263349 0.997875094 0.027079679 -0.161928013 -0.191288605 -0.015272461 0.981414974 0.282673627
0.979774714 -0.063174717 0.189869344 0.092658795 0.059101351 0.997885644 0.027045572 -0.161628649 -0.191176519 -0.015277035 0.981436729 0.282910913
0.979756534 -0.063585915 0.189826190 0.092598915 0.059496630 0.997858763 0.027169792 -0.161822006 -0.191147327 -0.015325760 0.981441736 0.283054560
0.979787171 -0.063267916 0.189774007 0.092801541 0.059202384 0.997880340 0.027021861 -0.161701247 -0.191081330 -0.015240600 0.981455863 0.283336788
0.979724884 -0.063384868 0.190056652 0.092566535 0.059278440 0.997870445 0.027219869 -0.161857352 -0.191377223 -0.015401725 0.981395721 0.283096671
0.979736745 -0.063202538 0.190056086 0.092462406 0.059107341 0.997882485 0.027144944 -0.161891460 -0.191369280 -0.015361191 0.981397927 0.282903641
0.979753673 -0.063281104 0.189942658 0.092270806 0.059201870 0.997878671 0.027079817 -0.161873087 -0.191253364 -0.015286591 0.981421709 0.282882214
0.979809284 -0.063559622 0.189562142 0.092775196 0.059528373 0.997864366 0.026890477 -0.161776289 -0.190866455 -0.015063212 0.981500387 0.283356786
0.979794562 -0.063271403 0.189735204 0.092702039 0.059212428 0.997880399 0.026991811 -0.161861882 -0.191040844 -0.015211746 0.981464267 0.283274144
