1.000000358 -0.000000022 0.000000032 0.000001907 -0.000000022 0.999999523 -0.000000025 -0.000001192 0.000000032 -0.000000025 0.999999881 0.000000209
0.999994934 -0.001440823 0.002961406 0.001563584 0.001441317 0.999998450 -0.000177756 -0.000634402 -0.002961071 0.000181971 0.999995470 0.020181816
0.999983430 -0.001684933 0.005567446 0.002256516 0.001670931 0.999994993 0.002511706 -0.000740444 -0.005571577 -0.002502414 0.999981225 0.052264895
0.999932408 -0.000062346 0.011664780 0.002147625 0.000100532 0.999993920 -0.003277335 0.000558581 -0.011664432 0.003278170 0.999926269 0.088123769
0.999962270 -0.001025058 0.008673015 0.003621479 0.000999193 0.999994338 0.002980243 0.001103950 -0.008675948 -0.002971581 0.999957681 0.141666949
0.999883115 -0.001549868 0.015233673 0.005708221 0.001454629 0.999978900 0.006258442 0.001497408 -0.015242976 -0.006235603 0.999864280 0.193882644
0.999759197 0.000658023 0.021990271 0.006293288 -0.000696271 0.999997258 0.001725437 0.001835021 -0.021988893 -0.001740342 0.999756694 0.277485639
0.999629736 -0.001144601 0.027231535 0.009067737 0.001089529 0.999996305 0.002031935 0.002723015 -0.027233575 -0.002001521 0.999627173 0.324295044
0.999468088 -0.000129236 0.032647096 0.010510179 0.000190690 0.999997199 -0.001883533 0.004218946 -0.032646574 0.001888747 0.999465108 0.364389330
0.999375105 0.000121516 0.035381656 0.012689645 -0.000012179 0.999994278 -0.003095212 0.007143950 -0.035381977 0.003092798 0.999368727 0.406884164
0.999192715 -0.001007666 0.040189318 0.015207181 0.001225291 0.999983728 -0.005395012 0.008781449 -0.040183365 0.005439851 0.999177217 0.451905400
0.999038458 -0.000306174 0.043867700 0.017911751 0.000611857 0.999974668 -0.006958920 0.009131564 -0.043864600 0.006979018 0.999012709 0.494612396
0.999106050 -0.002013217 0.042260028 0.021889467 0.002320539 0.999970376 -0.007228091 0.008573847 -0.042244438 0.007319634 0.999080122 0.537360072
0.999023378 -0.003133348 0.044108182 0.025273738 0.003542087 0.999950647 -0.009195288 0.008670088 -0.044077400 0.009342477 0.998984158 0.580810428
0.998995125 -0.003009633 0.044744238 0.029626498 0.003444160 0.999946475 -0.009640807 0.010166341 -0.044713028 0.009785164 0.998951256 0.669674277
0.998917043 -0.003228567 0.046439465 0.032128077 0.003641989 0.999953091 -0.008823766 0.010466632 -0.046409011 0.008983280 0.998881459 0.714802206
0.998991370 -0.003145122 0.044818744 0.033899475 0.003582033 0.999945521 -0.009674762 0.010583041 -0.044786081 0.009825485 0.998947620 0.756803632
0.999171913 -0.005125439 0.040401250 0.037978508 0.005684391 0.999888182 -0.013736845 0.010257609 -0.040326517 0.013955055 0.999088585 0.796812475
0.999158084 -0.003612220 0.040900338 0.039823454 0.004292891 0.999852180 -0.016571073 0.011802832 -0.040834624 0.016732629 0.999025226 0.834928811
0.999363720 -0.001449192 0.035677914 0.039879613 0.001889858 0.999920964 -0.012325524 0.014039376 -0.035657428 0.012385038 0.999286830 0.885508180
0.999721587 -0.002240435 0.023555811 0.043894481 0.002636072 0.999854326 -0.016786186 0.012987180 -0.023514982 0.016843569 0.999581277 0.968411267
0.999776602 0.000157651 0.021209458 0.043514047 0.000137866 0.999901533 -0.013939708 0.014170029 -0.021209782 0.013939474 0.999677598 1.015760064
0.999814332 -0.000319118 0.019350916 0.044067994 0.000586612 0.999902904 -0.013828726 0.014977156 -0.019344838 0.013837465 0.999716878 1.060162187
0.999798834 -0.001288973 0.020112967 0.047310561 0.001540927 0.999919057 -0.012525884 0.014127024 -0.020095382 0.012554306 0.999718845 1.105334640
0.999818087 0.001893523 0.019073956 0.045701131 -0.001679510 0.999934137 -0.011239333 0.014805937 -0.019094175 0.011205205 0.999754488 1.150946736
0.999850631 0.001192001 0.017340941 0.048967883 -0.001016647 0.999947250 -0.010128949 0.016925085 -0.017352285 0.010109751 0.999798059 1.240762830
0.999877691 0.001922180 0.015722902 0.049266346 -0.001797708 0.999965072 -0.007954996 0.018179113 -0.015738208 0.007925673 0.999844313 1.286478281
0.999884784 0.003050820 0.015091915 0.050258860 -0.002971045 0.999979913 -0.005338259 0.019763103 -0.015108604 0.005292722 0.999871433 1.377355933
0.999893486 0.004636318 0.014030444 0.050649617 -0.004582991 0.999980807 -0.003863861 0.021463746 -0.014048037 0.003799101 0.999894083 1.473603368
0.999897420 0.004761874 0.013790632 0.051629473 -0.004719787 0.999982476 -0.003138141 0.021449728 -0.013805734 0.003072719 0.999899864 1.518612504
0.999902904 0.005524876 0.013089891 0.052068785 -0.005485965 0.999978781 -0.003077848 0.021850595 -0.013106904 0.003005701 0.999909461 1.562840104
0.999912500 0.005298672 0.012531708 0.053651594 -0.005276925 0.999982238 -0.001848347 0.024590477 -0.012542024 0.001782150 0.999919772 1.655017495
0.999914110 0.003857042 0.012928328 0.055924810 -0.003829790 0.999988198 -0.002210990 0.025175007 -0.012937390 0.002161250 0.999914050 1.699945807
0.999916315 0.004273122 0.012644233 0.057004131 -0.004256280 0.999987841 -0.001442167 0.028219776 -0.012651026 0.001388302 0.999918938 1.790886641
0.999917865 0.004797419 0.012325335 0.057788324 -0.004788110 0.999986112 -0.000868991 0.030411320 -0.012329951 0.000809821 0.999923706 1.835830212
0.999917567 0.006239361 0.011718492 0.057900161 -0.006234338 0.999977887 -0.000567452 0.032067478 -0.011722687 0.000494382 0.999931693 1.923168182
0.999902129 0.007357199 0.012356234 0.057830803 -0.007371005 0.999969840 0.000987086 0.033141099 -0.012349298 -0.001077981 0.999923587 1.968875051
0.999901474 0.007366537 0.012385297 0.059894208 -0.007404182 0.999966800 0.002894915 0.034105718 -0.012364619 -0.002986315 0.999919176 2.058223963
0.999886334 0.008573773 0.012825885 0.060012311 -0.008640800 0.999948144 0.005088233 0.034692947 -0.012782440 -0.005198424 0.999904931 2.104323626
0.999871314 0.009569352 0.013291634 0.060916699 -0.009618565 0.999945641 0.003544521 0.036947787 -0.013258125 -0.003671934 0.999905407 2.192104101
0.999874413 0.009861092 0.012843157 0.062403120 -0.009877680 0.999948740 0.001124815 0.037742618 -0.012832281 -0.001251319 0.999916971 2.233923912
0.999848962 0.011466046 0.013462168 0.062706083 -0.011430636 0.999928892 -0.002805539 0.039206557 -0.013494530 0.002651251 0.999905407 2.318860054
0.999853194 0.011902735 0.012746805 0.063291520 -0.011835598 0.999913454 -0.005419851 0.039515704 -0.012811010 0.005268272 0.999904096 2.360944748
0.999834895 0.012681845 0.013405392 0.064420745 -0.012560419 0.999876678 -0.009214859 0.040391229 -0.013521154 0.009044928 0.999867082 2.445646763
0.999844015 0.011017899 0.014168417 0.068844832 -0.010854467 0.999871194 -0.011652202 0.044739842 -0.014295427 0.011496646 0.999831319 2.622230530
0.999831975 0.012207526 0.013792466 0.070090204 -0.012041651 0.999853969 -0.012055729 0.044468261 -0.013937736 0.011887381 0.999832034 2.658554554
0.999807537 0.012972595 0.014836760 0.072010949 -0.012797624 0.999847054 -0.011842150 0.047915820 -0.014988163 0.011649796 0.999819636 2.750260592
0.999819875 0.012644019 0.014443169 0.073468588 -0.012462963 0.999841332 -0.012588419 0.046371352 -0.014600913 0.012405775 0.999815524 2.790431738
0.999804139 0.013149940 0.015056327 0.075148761 -0.012979766 0.999849141 -0.011369751 0.047791522 -0.015204307 0.011171852 0.999821246 2.883152008
0.999826968 0.011531598 0.014870550 0.078499556 -0.011353841 0.999861598 -0.012016166 0.046947025 -0.015007937 0.011844928 0.999816298 2.923414707
0.999790847 0.012934584 0.016093602 0.079833612 -0.012768010 0.999862194 -0.010437179 0.048473299 -0.016227156 0.010229438 0.999815047 3.016383648
0.999813735 0.012432419 0.015078299 0.081647813 -0.012267156 0.999862194 -0.011041723 0.048194684 -0.015213612 0.010854360 0.999825180 3.058414936
0.999780953 0.013411545 0.016351588 0.081029110 -0.013225735 0.999845326 -0.011450679 0.051156018 -0.016502660 0.011231611 0.999800444 3.148984432
0.999773085 0.013681411 0.016628308 0.083419666 -0.013494755 0.999843180 -0.011317885 0.051569872 -0.016780548 0.011090522 0.999797165 3.191895723
0.999756455 0.014538418 0.016899353 0.082789391 -0.014394496 0.999857545 -0.008633451 0.053294938 -0.017022278 0.008387683 0.999819279 3.283670664
0.999744415 0.015038408 0.017158667 0.085089043 -0.014903131 0.999854863 -0.008017696 0.053572476 -0.017276922 0.007759594 0.999820173 3.329304934
0.999760389 0.014572050 0.016618123 0.086021170 -0.014523418 0.999887884 -0.003075383 0.055530768 -0.016661074 0.002833033 0.999856710 3.422479153
0.999768853 0.014225900 0.016416831 0.088437617 -0.014252121 0.999895394 0.001443766 0.056886088 -0.016394773 -0.001677729 0.999863863 3.513943195
0.999770105 0.013607489 0.016829912 0.090851933 -0.013664571 0.999899566 0.003257897 0.057707183 -0.016783742 -0.003487168 0.999852657 3.560462952
0.999748766 0.014749546 0.017135426 0.091927007 -0.014841584 0.999874353 0.005238869 0.060767300 -0.017055901 -0.005491958 0.999839008 3.651334286
0.999743104 0.014884895 0.017349262 0.093291245 -0.015011906 0.999859691 0.007191269 0.062327348 -0.017239647 -0.007449904 0.999823391 3.696393490
0.999695480 0.016388679 0.018530820 0.094205067 -0.016524605 0.999836624 0.007209051 0.061969534 -0.018410068 -0.007513176 0.999802351 3.782914877
0.999718428 0.015353266 0.018173877 0.095678180 -0.015494983 0.999849737 0.007679759 0.062708490 -0.018053506 -0.007959312 0.999805570 3.827655315
0.999693751 0.017047668 0.018014064 0.097783923 -0.017191499 0.999820769 0.007856706 0.064145818 -0.017877299 -0.008164165 0.999807000 3.917327166
0.999682426 0.017364111 0.018340668 0.097765267 -0.017479697 0.999827564 0.006161109 0.064965017 -0.018230818 -0.006480062 0.999812961 3.961042643
0.999684870 0.017115830 0.018434120 0.100970313 -0.017122228 0.999852717 0.000185593 0.066608205 -0.018428644 -0.000501343 0.999830246 4.044642448
0.999684215 0.017224720 0.018490776 0.101935320 -0.017180150 0.999847829 -0.002573727 0.067782238 -0.018532624 0.002254586 0.999826550 4.089490414
0.999664783 0.017778445 0.019000715 0.104462102 -0.017668704 0.999825001 -0.005935611 0.068478845 -0.019103356 0.005597419 0.999802709 4.175590515
0.999728203 0.016040580 0.017123040 0.106966101 -0.015926396 0.999848783 -0.006793845 0.068894811 -0.017229777 0.006518656 0.999831021 4.219210148
0.999736249 0.016086806 0.016600542 0.109088495 -0.015928768 0.999825776 -0.009597595 0.070733599 -0.016752357 0.009330692 0.999816358 4.361566067
0.999789357 0.011561516 0.017164689 0.115790188 -0.011473186 0.999919116 -0.005237266 0.071621217 -0.017224219 0.005039318 0.999839246 4.461122990
0.999828279 0.010551707 0.015466978 0.121652886 -0.010488554 0.999935031 -0.004149840 0.075452954 -0.015510069 0.003986971 0.999872029 4.637727261
0.999802470 0.012451855 0.015635043 0.119976424 -0.012311858 0.999882638 -0.009049436 0.076471023 -0.015746079 0.008855303 0.999836624 4.723364830
0.999830186 0.011703142 0.014386121 0.126554579 -0.011573486 0.999891102 -0.009089552 0.079785511 -0.014491251 0.008921769 0.999855042 4.903669834
0.999840856 0.010570430 0.014519498 0.130103916 -0.010377532 0.999856532 -0.013337534 0.081283554 -0.014658542 0.013185096 0.999805570 4.987200260
0.999815881 0.013986751 0.013265974 0.129809767 -0.013745273 0.999739289 -0.018161736 0.081205398 -0.013516772 0.017976185 0.999747157 5.162133217
0.999844611 0.012775033 0.012284864 0.134180829 -0.012554937 0.999760389 -0.017862368 0.082012899 -0.012510246 0.017705545 0.999765158 5.250365257
0.999865472 0.012075395 0.011247653 0.141200870 -0.011889955 0.999792635 -0.016466711 0.083673477 -0.011444422 0.016331064 0.999801278 5.425271988
0.999844849 0.013811718 0.011320797 0.139048547 -0.013651098 0.999803126 -0.014245191 0.087061405 -0.011515727 0.014088782 0.999834776 5.518497467
0.999849200 0.015453537 0.008458030 0.141634598 -0.015410387 0.999865234 -0.005259121 0.089458577 -0.008538578 0.005128319 0.999950826 5.697946072
0.999876678 0.014435924 0.006855639 0.141879082 -0.014406468 0.999883890 -0.004501466 0.090346009 -0.006920277 0.004402507 0.999966681 5.787171841
0.999898076 0.014357709 -0.000471046 0.143703610 -0.014360421 0.999880373 -0.005671377 0.093171060 0.000389529 0.005677863 0.999984086 5.959884167
0.999864757 0.015389659 -0.006015678 0.142230764 -0.015432270 0.999855518 -0.007045398 0.092442997 0.005906383 0.007137462 0.999957323 6.043216228
0.999780297 0.014161840 -0.015566854 0.142138869 -0.014313490 0.999849975 -0.009653249 0.095575072 0.015427724 0.009874249 0.999831796 6.212208271
0.999717951 0.012396126 -0.020349223 0.142036095 -0.012573046 0.999883413 -0.008569167 0.094468519 0.020240538 0.008822853 0.999755859 6.297836781
0.999514878 0.012927745 -0.028503854 0.138685480 -0.013216991 0.999861240 -0.009954940 0.098050356 0.028370887 0.010327519 0.999544024 6.466140270
0.999266267 0.010843023 -0.036859509 0.135363877 -0.010911226 0.999937356 -0.001625464 0.097396091 0.036839150 0.002026984 0.999319077 6.640903950
0.999028206 0.011175662 -0.042744402 0.131837606 -0.011183240 0.999935687 0.000081236 0.100581080 0.042742159 0.000397572 0.999085903 6.727965355
0.998840392 0.011404658 -0.046884350 0.129140705 -0.011424019 0.999932885 -0.000120949 0.103495330 0.046879310 0.000656757 0.998899519 6.812086582
0.998522758 0.015757380 -0.052097499 0.121813476 -0.015840439 0.999872267 -0.001162318 0.104722731 0.052072160 0.001986018 0.998640478 6.895834446
0.998226762 0.015720382 -0.057501558 0.116993129 -0.015901729 0.999868095 -0.002679977 0.105480656 0.057451423 0.003589859 0.998340845 6.979215145
0.997838974 0.012689025 -0.064549260 0.108254999 -0.012893339 0.999911487 -0.002732151 0.111764930 0.064508244 0.003558851 0.997910023 7.150015831
0.997573733 0.013174874 -0.068379663 0.104251832 -0.013349580 0.999908268 -0.002093675 0.114304408 0.068345636 0.003000947 0.997657001 7.236849308
0.997309208 0.013281301 -0.072116122 0.098572731 -0.013431034 0.999908030 -0.001584779 0.116254836 0.072088167 0.002548728 0.997394800 7.323115826
0.996950865 0.019993946 -0.075443827 0.087270975 -0.020084683 0.999797642 -0.000439441 0.118611753 0.075419568 0.001952885 0.997149765 7.410243034
0.996468365 0.017952718 -0.082041062 0.076785922 -0.018131234 0.999833882 -0.001426616 0.118100785 0.082001522 0.002909005 0.996629119 7.582919598
0.996255457 0.014181481 -0.085301846 0.072320223 -0.014643058 0.999880731 -0.004781552 0.120464154 0.085223578 0.006012601 0.996344805 7.667933464
0.995927930 0.019387411 -0.088057406 0.052900076 -0.020376937 0.999738097 -0.010347727 0.126043409 0.087833412 0.012099879 0.996062696 7.838193417
0.995873749 0.020213271 -0.088501625 0.046394110 -0.021033453 0.999742866 -0.008329732 0.125779867 0.088309795 0.010156685 0.996042728 7.927416801
0.995719314 0.020071195 -0.090253390 0.038382411 -0.020523412 0.999779880 -0.004074111 0.127195880 0.090151027 0.005908757 0.995912135 8.017948151
0.995827973 0.019515932 -0.089154251 0.024884880 -0.019799214 0.999800682 -0.002284034 0.130487919 0.089091912 0.004039524 0.996014833 8.194894791
0.996346414 0.018928031 -0.083293691 0.009245574 -0.019276831 0.999807835 -0.003376411 0.133009613 0.083213739 0.004969484 0.996518970 8.367742538
0.996857882 0.019337030 -0.076831453 0.004656374 -0.019638406 0.999801457 -0.003160076 0.135329008 0.076755047 0.004658851 0.997038841 8.453108788
0.997854590 0.019657424 -0.062467761 -0.005077779 -0.020088570 0.999777734 -0.006277684 0.136892840 0.062330022 0.007518837 0.998026967 8.622977257
0.998308420 0.021315325 -0.054113712 -0.011249542 -0.021850230 0.999717236 -0.009308944 0.138795435 0.053899650 0.010475500 0.998491228 8.704074860
0.998659670 0.020809928 -0.047472857 -0.013555229 -0.021352073 0.999710500 -0.010928374 0.139188319 0.047230840 0.011926984 0.998812199 8.784753799
0.998963356 0.017505178 -0.042112079 -0.017133534 -0.017738555 0.999827623 -0.005160423 0.142241091 0.042013831 0.005901796 0.999099195 8.960791588
0.999237001 0.014720700 -0.036288917 -0.020374298 -0.014975662 0.999863327 -0.006744872 0.146029681 0.036183815 0.007282804 0.999318004 9.141156197
0.999281168 0.015853791 -0.034505177 -0.024144471 -0.015981236 0.999866009 -0.003412629 0.144931078 0.034446638 0.003961666 0.999397874 9.227174759
0.999310195 0.014424623 -0.034289073 -0.026400208 -0.014485482 0.999893367 -0.001517066 0.147226274 0.034263745 0.002012793 0.999409854 9.317562103
0.999371946 0.013378280 -0.032889348 -0.028308392 -0.013313186 0.999908447 0.002206733 0.148658603 0.032916036 -0.001767411 0.999455750 9.410778046
0.999443650 0.011192490 -0.031594429 -0.030802816 -0.011149464 0.999935329 0.001559323 0.152542919 0.031610653 -0.001205917 0.999497652 9.585939407
0.999666929 0.011097171 -0.023536813 -0.041357547 -0.010981700 0.999925554 0.005060802 0.161553919 0.023591921 -0.004800292 0.999708176 9.943689346
0.999733329 0.010643082 -0.020588562 -0.037775084 -0.010574486 0.999937415 0.003455005 0.160250366 0.020624153 -0.003236184 0.999782562 10.027016640
0.999818087 0.010290724 -0.016172219 -0.038039804 -0.010253021 0.999943793 0.002442693 0.163098380 0.016196435 -0.002276172 0.999866724 10.114475250
0.999832988 0.011290780 -0.014514307 -0.040271983 -0.011268157 0.999934614 0.001666835 0.164752051 0.014532303 -0.001502829 0.999893844 10.201192856
0.999903321 0.009278149 -0.010778556 -0.036984578 -0.009296873 0.999954045 -0.001573344 0.166709244 0.010762965 0.001673995 0.999941647 10.376419067
0.999907494 0.010381046 -0.009283083 -0.038001005 -0.010416033 0.999937713 -0.003616860 0.169719592 0.009244524 0.003713679 0.999951482 10.465059280
0.999883354 0.013463829 -0.007814407 -0.041433815 -0.013492909 0.999901354 -0.003520696 0.173006922 0.007765759 0.003626350 0.999964356 10.552398682
0.999879181 0.014428272 -0.006536391 -0.040303025 -0.014487905 0.999852359 -0.009049014 0.174424142 0.006403834 0.009142755 0.999938548 10.729323387
0.999903738 0.013071788 -0.005585852 -0.041320510 -0.013128230 0.999861956 -0.010022201 0.175015002 0.005453119 0.010094613 0.999935031 10.818630219
0.999926567 0.011848439 -0.004003978 -0.040466383 -0.011900715 0.999841511 -0.013114447 0.176377237 0.003847073 0.013161352 0.999906778 10.906341553
0.999918044 0.012064432 -0.004597747 -0.039817486 -0.012123691 0.999841630 -0.012969878 0.177869365 0.004439652 0.013024489 0.999905109 10.995905876
0.999860227 0.016526120 -0.003050841 -0.045794323 -0.016552065 0.999825895 -0.008527465 0.183119476 0.002908799 0.008576873 0.999958634 11.174363136
0.999879003 0.015714476 -0.001628523 -0.043913107 -0.015718196 0.999873936 -0.001658429 0.184739962 0.001601146 0.001683800 0.999996245 11.360520363
0.999920428 0.012856829 -0.001199933 -0.041354336 -0.012860056 0.999914229 -0.001912735 0.185551852 0.001173981 0.001927904 0.999996603 11.448462486
0.999898255 0.014480402 -0.000533249 -0.041847270 -0.014485161 0.999864042 -0.007679314 0.188767344 0.000420747 0.007686274 0.999969304 11.623184204
0.999909163 0.013721597 -0.000338045 -0.040548280 -0.013724775 0.999876261 -0.007490729 0.189819366 0.000234149 0.007494560 0.999970794 11.710950851
0.999969184 0.008017386 0.000135005 -0.034110136 -0.008016250 0.999914110 -0.010332323 0.191951498 -0.000218157 0.010330892 0.999946415 11.892278671
0.999980509 0.006405801 0.000908790 -0.031391583 -0.006398396 0.999942124 -0.008612184 0.193380430 -0.000964078 0.008606136 0.999962032 11.980388641
0.999977350 0.006792438 0.001415999 -0.030981915 -0.006784637 0.999958873 -0.005928141 0.194728315 -0.001456509 0.005918383 0.999981105 12.070458412
0.999969780 0.007507724 0.002575757 -0.031615451 -0.007513184 0.999968946 0.002167101 0.199181676 -0.002559290 -0.002186443 0.999993682 12.262344360
0.999978065 0.006769983 0.000770502 -0.029873276 -0.006771985 0.999973118 0.002652721 0.200506732 -0.000752268 -0.002657989 0.999995410 12.351157188
0.999957263 0.008785536 0.003286377 -0.029269889 -0.008791649 0.999959111 0.001917302 0.201652408 -0.003269324 -0.001946268 0.999992192 12.438575745
0.999957263 0.009078206 0.002996927 -0.031625170 -0.009077429 0.999957800 -0.000289206 0.203515142 -0.002999323 0.000262114 0.999993801 12.531952858
0.999968231 0.007516720 0.003633427 -0.028961137 -0.007526687 0.999966860 0.002759157 0.204958528 -0.003612319 -0.002786263 0.999987841 12.624098778
0.999976337 0.006252912 0.003784332 -0.023738589 -0.006258924 0.999978125 0.001559355 0.210428730 -0.003774420 -0.001582857 0.999989808 12.795337677
0.999973953 0.005332499 0.005361201 -0.024604730 -0.005337298 0.999984503 0.000932594 0.211494461 -0.005356075 -0.000960975 0.999983311 12.886262894
0.999959886 0.007595234 0.005301296 -0.024055041 -0.007624553 0.999954641 0.005546092 0.214099556 -0.005258807 -0.005585985 0.999968588 12.975093842
0.999943316 0.008819265 0.006412779 -0.020759061 -0.008884563 0.999906838 0.010269325 0.218493819 -0.006321645 -0.010325443 0.999924719 13.153803825
0.999948621 0.007926185 0.006493453 -0.020599343 -0.007988985 0.999920905 0.009640499 0.222777635 -0.006416589 -0.009691393 0.999931812 13.245060921
0.999948800 0.007658943 0.006798933 -0.017634511 -0.007716238 0.999934316 0.008386788 0.225004107 -0.006734423 -0.008438538 0.999940991 13.330975533
0.999943554 0.008161491 0.006979308 -0.017543294 -0.008203014 0.999948442 0.005876711 0.226182953 -0.006931067 -0.005933107 0.999957800 13.416689873
0.999951661 0.006032232 0.007887268 -0.013764456 -0.006062790 0.999973774 0.003807366 0.230999902 -0.007864808 -0.003854660 0.999960721 13.592720985
0.999962032 0.004877579 0.007367855 -0.011192895 -0.004879362 0.999987483 0.000195297 0.233158037 -0.007367452 -0.000230794 0.999971986 13.679623604
0.999959886 0.003415243 0.008408935 -0.008964293 -0.003381409 0.999984920 -0.004089950 0.235480279 -0.008423186 0.004061676 0.999955237 13.763551712
0.999949455 0.004756686 0.008970392 -0.006935552 -0.004739377 0.999985814 -0.001987457 0.239938959 -0.008980069 0.001945123 0.999956727 13.944319725
0.999939382 0.004702859 0.010060428 -0.005452275 -0.004696970 0.999987662 -0.000655762 0.240952775 -0.010063856 0.000608816 0.999948323 14.035513878
0.999939024 0.004140627 0.010513388 -0.001978472 -0.004063696 0.999962389 -0.007397678 0.244856670 -0.010544541 0.007354812 0.999916673 14.203609467
0.999937892 0.005796842 0.009795561 -0.002082855 -0.005702319 0.999934554 -0.009730097 0.245995060 -0.009852246 0.009673909 0.999903977 14.291683197
0.999936998 0.004556546 0.010525907 0.000689954 -0.004459624 0.999944866 -0.009294550 0.247262985 -0.010568512 0.009247266 0.999900579 14.382595062
0.999927223 0.005631825 0.010930202 0.001700044 -0.005552196 0.999955595 -0.007369994 0.250003517 -0.010972205 0.007309088 0.999912500 14.474329948
0.999922752 0.006275423 0.010989940 0.002271056 -0.006224121 0.999967217 -0.004770358 0.252303481 -0.011020451 0.004701883 0.999927521 14.566854477
0.999899268 0.006875290 0.012623799 0.007105365 -0.006918850 0.999968946 0.003318194 0.256178528 -0.012601297 -0.003405004 0.999913931 14.741682053
0.999893606 0.007441212 0.012755287 0.007499084 -0.007518596 0.999952316 0.005949601 0.256600410 -0.012711185 -0.006044815 0.999900162 14.834692001
0.999896467 0.007300524 0.012598750 0.009726062 -0.007393558 0.999944568 0.007259536 0.258730233 -0.012545859 -0.007351721 0.999893486 14.925608635
0.999861777 0.009329445 0.013959048 0.009689793 -0.009414602 0.999936104 0.005975202 0.261156172 -0.013903301 -0.006105705 0.999883950 15.017608643
0.999841213 0.010203502 0.014764310 0.016293913 -0.010185124 0.999945223 -0.001351822 0.264090210 -0.014778412 0.001201686 0.999888659 15.185616493
0.999823630 0.009140232 0.016542446 0.018277541 -0.009042525 0.999939084 -0.005994981 0.264615417 -0.016597163 0.005844845 0.999843836 15.273430824
0.999830484 0.008456820 0.016492033 0.019720078 -0.008383273 0.999952614 -0.004554529 0.265810698 -0.016530873 0.004415984 0.999852121 15.363359451
0.999805212 0.008144119 0.018106043 0.022713274 -0.008114316 0.999963641 -0.001742217 0.270784676 -0.018120436 0.001595502 0.999833047 15.548905373
0.999808013 0.007522858 0.018223779 0.031084329 -0.007523279 0.999970257 -0.000081986 0.271321028 -0.018224783 -0.000054805 0.999832749 15.632497787
0.999790549 0.007886206 0.019012185 0.031246185 -0.007945922 0.999962151 0.003031896 0.272279710 -0.018988604 -0.003182016 0.999813557 15.723484993
0.999739230 0.007271550 0.021762408 0.032700866 -0.007378984 0.999959588 0.004829169 0.273608744 -0.021727249 -0.004988215 0.999750435 15.903767586
0.999714255 0.007699236 0.022744641 0.036028862 -0.007722387 0.999968171 0.000900448 0.276923686 -0.022737985 -0.001075484 0.999739826 15.988526344
0.999660492 0.008381639 0.024775682 0.037348568 -0.008299214 0.999958038 -0.003457044 0.279520869 -0.024804752 0.003250560 0.999685824 16.073833466
0.999597728 0.012360482 0.025620816 0.044281095 -0.012193596 0.999902666 -0.006676182 0.277898461 -0.025701050 0.006360922 0.999649584 16.153902054
0.999526978 0.012680110 0.028103070 0.047890186 -0.012529276 0.999905527 -0.005547876 0.284736037 -0.028170975 0.005192849 0.999589801 16.332561493
0.999526680 0.011997517 0.028412400 0.051817030 -0.011888603 0.999920428 -0.004016026 0.287480950 -0.028458545 0.003676193 0.999588430 16.421190262
0.999488294 0.010569431 0.030268528 0.056270182 -0.010446019 0.999935627 -0.004245081 0.290456474 -0.030311655 0.003926422 0.999532878 16.509115219
0.999390662 0.013480202 0.032376058 0.061343402 -0.013366999 0.999902427 -0.003748314 0.291194379 -0.032424066 0.003313229 0.999468505 16.686630249
0.999324858 0.013747524 0.034241792 0.065004408 -0.013736230 0.999904156 -0.000595373 0.293693244 -0.034247406 0.000124544 0.999413073 16.776309967
0.999339223 0.014551751 0.033482298 0.070637077 -0.014511358 0.999892294 -0.001486072 0.299054325 -0.033500981 0.000999225 0.999437869 16.956686020
0.999185681 0.018714489 0.035905074 0.072090030 -0.018631043 0.999821663 -0.002683068 0.301448256 -0.035949651 0.002011908 0.999351263 17.043306351
0.999176860 0.020484831 0.035074297 0.073674679 -0.020357225 0.999784648 -0.004002640 0.297561049 -0.035148621 0.003284932 0.999376297 17.130746841
0.999121010 0.021681067 0.035935275 0.082244873 -0.021413488 0.999739885 -0.007829281 0.300195992 -0.036095500 0.007052641 0.999323070 17.306390762
0.999117374 0.020538328 0.036702711 0.087419510 -0.020131391 0.999731719 -0.011434937 0.300041080 -0.036927566 0.010685572 0.999260366 17.392160416
0.999009788 0.023111481 0.038073540 0.094940305 -0.022139926 0.999422908 -0.025752399 0.299955010 -0.038646676 0.024883628 0.998942733 17.558328629
0.999016225 0.023539165 0.037643790 0.092920899 -0.022551399 0.999394655 -0.026466319 0.300584406 -0.038243711 0.025591398 0.998939931 17.650064468
0.998983741 0.026315421 0.036656067 0.100655496 -0.025289925 0.999282360 -0.028177753 0.302115381 -0.037371092 0.027222268 0.998929799 17.828468323
0.998969078 0.024833858 0.038059480 0.105387926 -0.023704326 0.999272346 -0.029861504 0.301925480 -0.038773116 0.028928595 0.998828411 17.915151596
0.999101758 0.018565957 0.038153011 0.120611429 -0.017861336 0.999664307 -0.018738631 0.297848612 -0.038487934 0.018040571 0.999095440 18.100040436
0.999131441 0.016280646 0.038403884 0.121595800 -0.015778108 0.999785125 -0.013373922 0.303408146 -0.038613476 0.012756280 0.999171793 18.199687958
0.999127090 0.014303750 0.039292794 0.128718734 -0.013884601 0.999842942 -0.010935541 0.303300977 -0.039443094 0.010380255 0.999167085 18.288436890
0.999124408 0.010435919 0.040559795 0.141998291 -0.010329213 0.999941587 -0.002860512 0.302398413 -0.040587343 0.002438992 0.999172091 18.466175079
0.999117315 0.010035418 0.040835250 0.148256540 -0.010237490 0.999935985 0.004740879 0.309953392 -0.040785048 -0.005155031 0.999155462 18.654088974
0.999046683 0.009905519 0.042560395 0.153508425 -0.010116234 0.999937236 0.004733251 0.311478198 -0.042510979 -0.005159519 0.999083459 18.742727280
0.999087453 0.007309069 0.042126928 0.159171999 -0.007546668 0.999956012 0.005481050 0.312897742 -0.042085078 -0.005794240 0.999098003 18.832345963
0.999030173 0.005298692 0.043753538 0.167601764 -0.005689428 0.999944687 0.008807096 0.313699156 -0.043704655 -0.009047685 0.999004364 19.011816025
0.999077857 0.005858217 0.042573221 0.178619266 -0.006082330 0.999967813 0.005134229 0.326771379 -0.042541713 -0.005388391 0.999081135 19.190151215
0.999010265 0.007340041 0.043910708 0.181415617 -0.007461855 0.999968231 0.002609310 0.326603562 -0.043890342 -0.002934340 0.999032795 19.277420044
0.999023557 0.006912483 0.043673474 0.186008275 -0.007055222 0.999969661 0.003114289 0.327812999 -0.043650832 -0.003419334 0.999042094 19.365034103
0.998974383 0.003340663 0.045192331 0.197943330 -0.003439710 0.999991417 0.002111188 0.328240842 -0.045184921 -0.002264410 0.998976946 19.541406631
0.998930991 0.005232160 0.045955736 0.201784134 -0.005172736 0.999985278 -0.001413226 0.333207071 -0.045962572 0.001174070 0.998943269 19.626625061
0.998818636 0.008459932 0.047879826 0.208890975 -0.008006597 0.999921024 -0.009652182 0.334352076 -0.047957890 0.009257509 0.998807251 19.799396515
0.998831570 0.010524146 0.047194451 0.211702287 -0.009763012 0.999818623 -0.016330786 0.335798562 -0.047357947 0.015851034 0.998753130 19.882148743
0.998816729 0.010495328 0.047517240 0.220718443 -0.009993899 0.999891520 -0.010778261 0.339360654 -0.047625598 0.010290748 0.998813033 20.065427780
0.998823345 0.009834852 0.047524098 0.226478577 -0.009458340 0.999921739 -0.008138414 0.340158820 -0.047600701 0.007679615 0.998837173 20.149871826
0.998782218 0.011055203 0.048116595 0.234995782 -0.010998633 0.999938011 -0.001434560 0.343717873 -0.048129812 0.000903837 0.998840928 20.334161758
0.998747826 0.012374245 0.048506577 0.242853522 -0.012451769 0.999921203 0.001297336 0.344626546 -0.048487414 -0.001899343 0.998822451 20.509122849
0.998710752 0.013604200 0.048938032 0.247330546 -0.013488875 0.999904990 -0.002686867 0.348158926 -0.048970602 0.002023584 0.998798609 20.597146988
0.998686016 0.015409983 0.048910107 0.256206810 -0.014699030 0.999781072 -0.014862241 0.350413024 -0.049129173 0.014124148 0.998692989 20.766904831
0.998696029 0.015951589 0.048529092 0.261988282 -0.014907252 0.999650598 -0.021808712 0.351152390 -0.048860814 0.021057125 0.998583972 20.852087021
0.998687029 0.015860435 0.048745554 0.266660988 -0.014720280 0.999611199 -0.023660755 0.353457183 -0.049102522 0.022912636 0.998531342 20.941101074
0.998737097 0.013731124 0.048363365 0.272145629 -0.012700614 0.999686301 -0.021546789 0.349480003 -0.048644546 0.020905282 0.998598158 21.022619247
0.998694062 0.013238095 0.049379405 0.278039694 -0.012247263 0.999717891 -0.020310000 0.352877855 -0.049634825 0.019678831 0.998574376 21.114212036
0.998741210 0.011249323 0.048917335 0.289250076 -0.010737888 0.999884248 -0.010705127 0.356942385 -0.049032524 0.010166400 0.998746216 21.300039291
0.998846471 0.010902760 0.046801738 0.296539724 -0.010762173 0.999936163 -0.003252127 0.351763636 -0.046834886 0.002744644 0.998899519 21.388151169
0.998903394 0.011006835 0.045548845 0.300439715 -0.010825672 0.999931931 -0.004220344 0.354664087 -0.045592651 0.003722668 0.998953938 21.478036880
0.999373376 0.010849119 0.033746440 0.307414830 -0.010584820 0.999911368 -0.007997349 0.360661596 -0.033830881 0.007635100 0.999398887 21.646268845
0.999592304 0.010031336 0.026802881 0.308101475 -0.009847739 0.999926627 -0.006973635 0.362611055 -0.026871417 0.006706856 0.999617159 21.727048874
0.999787807 0.008298127 0.018884553 0.317839801 -0.008217091 0.999956191 -0.004352888 0.359915078 -0.018921211 0.004196819 0.999812722 21.805669785
0.999924183 0.006743120 0.010356512 0.317873359 -0.006724764 0.999975204 -0.001786610 0.361651152 -0.010369435 0.001716716 0.999945343 21.886531830
0.999970376 0.005634592 -0.005402530 0.319887131 -0.005645097 0.999981582 -0.001966834 0.363608360 0.005390221 0.001997343 0.999984086 22.044788361
0.999891877 0.006569964 -0.013268698 0.321393102 -0.006603006 0.999974847 -0.002457479 0.362923443 0.013251828 0.002544929 0.999908924 22.122646332
0.999782443 0.004235277 -0.020500746 0.321251124 -0.004325582 0.999980867 -0.004365346 0.364402890 0.020481590 0.004453300 0.999780238 22.200031281
0.999585092 0.005836940 -0.028262295 0.317688644 -0.005965500 0.999971867 -0.004475146 0.367006958 0.028234918 0.004642149 0.999590576 22.277685165
0.998781741 0.007589894 -0.048856117 0.311159253 -0.007977827 0.999937534 -0.007749858 0.369726837 0.048793282 0.008130471 0.998776078 22.433919907
0.998441517 0.009427262 -0.055092078 0.307245851 -0.009689176 0.999942482 -0.004491485 0.372559279 0.055045743 0.005018650 0.998471618 22.516084671
0.998057008 0.010802837 -0.061439224 0.302030325 -0.011009919 0.999934137 -0.003031422 0.375608265 0.061401315 0.003702394 0.998106599 22.597034454
0.997178376 0.014631929 -0.073645517 0.286820054 -0.014538166 0.999892175 0.001808885 0.377958417 0.073663376 -0.000733062 0.997283459 22.766420364
0.996440470 0.017739605 -0.082426213 0.279624701 -0.017948713 0.999836683 -0.001798499 0.379411787 0.082380340 0.003271576 0.996596277 22.842744827
0.995127499 0.014863501 -0.097484857 0.265327215 -0.016205549 0.999783814 -0.012991145 0.379352212 0.097270057 0.014507684 0.995151579 22.994453430
0.994263232 0.012765702 -0.106210068 0.261020422 -0.014603944 0.999755979 -0.016548557 0.379252404 0.105972476 0.018004974 0.994205475 23.070224762
0.992592692 0.013535930 -0.120744877 0.246651649 -0.016429748 0.999599874 -0.023004841 0.377790213 0.120384470 0.024818290 0.992416263 23.222871780
0.991828918 0.015236051 -0.126674742 0.229760408 -0.018212778 0.999583066 -0.022375444 0.381667793 0.126281202 0.024500437 0.991692007 23.303937912
0.989846766 0.016439244 -0.141195714 0.214089155 -0.019316848 0.999631405 -0.019034272 0.378860086 0.140830934 0.021568958 0.989798844 23.462556839
0.989655614 0.012970991 -0.142887995 0.204430342 -0.015268628 0.999770224 -0.014996321 0.379268914 0.142660856 0.017023336 0.989625216 23.549100876
0.989291608 0.009184438 -0.145675987 0.190848589 -0.010670427 0.999898136 -0.009421797 0.381187230 0.145574510 0.010875263 0.989287257 23.641441345
0.988216758 0.007691925 -0.152878955 0.171664476 -0.008455864 0.999954402 -0.004346752 0.381120622 0.152838424 0.005588170 0.988235235 23.811811447
0.987675190 0.008837720 -0.156278193 0.156883717 -0.008895169 0.999959946 0.000332907 0.383462667 0.156274691 0.001061271 0.987712681 23.900350571
0.986031651 0.010136275 -0.166260108 0.126016378 -0.008946230 0.999928176 0.007906817 0.387798250 0.166328371 -0.006309081 0.986050546 24.077093124
0.984978437 0.008805822 -0.172463521 0.114298820 -0.007002595 0.999913752 0.011063516 0.389074773 0.172546118 -0.009689835 0.984954059 24.160331726
0.984067559 0.011024325 -0.177463576 0.099452496 -0.008629847 0.999860525 0.014261601 0.390436947 0.177596122 -0.012503209 0.984024167 24.243207932
0.983682215 0.011923244 -0.179527104 0.081234932 -0.009874739 0.999875128 0.012302246 0.392605066 0.179651439 -0.010328835 0.983675838 24.331508636
0.983519733 0.012038190 -0.180408403 0.050738335 -0.010830358 0.999911427 0.007681695 0.398166656 0.180484921 -0.005601439 0.983561635 24.501779556
0.983410895 0.011397135 -0.181042209 0.034884453 -0.010302631 0.999922097 0.006987198 0.399526954 0.181107759 -0.005006179 0.983450472 24.587266922
0.983519077 0.012233239 -0.180413797 0.002676010 -0.011454135 0.999919593 0.005364143 0.403284222 0.180464655 -0.003209493 0.983576417 24.760311127
0.983773351 0.010612843 -0.179124817 -0.011291504 -0.009581653 0.999931812 0.006625675 0.405219823 0.179182708 -0.004801966 0.983804166 24.848314285
0.983885229 0.013485189 -0.178315029 -0.030423164 -0.012023754 0.999884129 0.009279135 0.408025563 0.178419262 -0.006985883 0.983929873 24.936563492
0.984084129 0.010885148 -0.177404597 -0.056318283 -0.009712700 0.999924183 0.007483460 0.410409331 0.177472010 -0.005641572 0.984109700 25.112293243
0.984329164 0.014114571 -0.175810471 -0.075777054 -0.013375491 0.999895394 0.005395568 0.412937999 0.175867826 -0.002959601 0.984409451 25.196498871
0.984363258 0.014980106 -0.175548226 -0.091288090 -0.015026212 0.999885678 0.001074212 0.415365458 0.175543681 0.001580092 0.984470248 25.279529572
0.985091686 0.011266281 -0.171699822 -0.118280411 -0.012472853 0.999904275 -0.005940559 0.419142604 0.171616241 0.007993566 0.985131860 25.451320648
0.985541880 0.009682143 -0.169194907 -0.131623745 -0.011223027 0.999903500 -0.008144492 0.421259552 0.169099540 0.009925734 0.985549271 25.535106659
0.986254692 0.008261769 -0.165066317 -0.144823551 -0.010131393 0.999893427 -0.010477709 0.421038985 0.164961979 0.012006002 0.986227214 25.620021820
0.987031639 0.010759005 -0.160174355 -0.176668406 -0.011438942 0.999928653 -0.003320988 0.432133704 0.160126984 0.005110722 0.987083018 25.810123444
0.987049043 0.012309213 -0.159955695 -0.191975117 -0.012460533 0.999922037 0.000057911 0.436360598 0.159943864 0.001936473 0.987123966 25.897722244
0.987771451 0.006239502 -0.155795857 -0.200443506 -0.006542541 0.999977291 -0.001429571 0.435876191 0.155783162 0.002431979 0.987788200 25.983203888
0.988154233 0.008684648 -0.153229639 -0.215851545 -0.008855705 0.999960303 -0.000431268 0.437961757 0.153219581 0.001783564 0.988190413 26.067594528
0.988370597 0.009931026 -0.151750177 -0.229745865 -0.010380286 0.999943495 -0.002166449 0.438608974 0.151719958 0.003716950 0.988416433 26.153512955
0.988155067 0.010928417 -0.153078288 -0.241433144 -0.011909571 0.999913692 -0.005490685 0.444604486 0.153004423 0.007248732 0.988198876 26.247737885
0.988635540 0.009857032 -0.150018379 -0.267474651 -0.011181282 0.999905348 -0.007981384 0.446516395 0.149925023 0.009568041 0.988650978 26.415779114
0.988968432 0.006459002 -0.147994310 -0.277376413 -0.007909306 0.999925911 -0.009209511 0.445976079 0.147923335 0.010278436 0.988945305 26.504144669
0.988973141 0.010555020 -0.147731319 -0.289216518 -0.011632722 0.999911606 -0.006431864 0.453107536 0.147650287 0.008079681 0.989006281 26.598098755
0.989408135 0.012991901 -0.144591540 -0.318037510 -0.013773992 0.999895334 -0.004408225 0.454217911 0.144518971 0.006353520 0.989481390 26.775159836
0.989298105 0.013434680 -0.145302400 -0.331174135 -0.013863930 0.999902010 -0.001940725 0.455156833 0.145262077 0.003934556 0.989385128 26.864772797
0.989550114 0.013092077 -0.143624663 -0.335992336 -0.013115934 0.999913573 0.000784031 0.462912261 0.143622279 0.001108392 0.989631116 26.957757950
0.989320040 0.015338496 -0.144981325 -0.350473404 -0.014978100 0.999881327 0.003580400 0.463313520 0.145018861 -0.001370009 0.989427388 27.047494888
0.989283204 0.020248163 -0.144629613 -0.381455660 -0.018909849 0.999764681 0.010625111 0.466465175 0.144810364 -0.007775928 0.989428222 27.229450226
0.989359915 0.020071331 -0.144129604 -0.390977383 -0.018534744 0.999755800 0.011999895 0.474066973 0.144334868 -0.009200231 0.989485860 27.319864273
0.989413321 0.021524733 -0.143552899 -0.407601118 -0.020114675 0.999733925 0.011270093 0.474892676 0.143757045 -0.008262714 0.989578009 27.407690048
0.989577413 0.020450184 -0.142576188 -0.420926094 -0.019424643 0.999774218 0.008584969 0.475311726 0.142719284 -0.005725299 0.989746213 27.493577957
0.988299906 0.025709290 -0.150372177 -0.452401876 -0.025235504 0.999668300 0.005061838 0.479109526 0.150452033 -0.001207357 0.988616168 27.657505035
0.986984134 0.026513519 -0.158629999 -0.465476274 -0.025935629 0.999646842 0.005715195 0.486429274 0.158725381 -0.001525845 0.987321317 27.738554001
0.985833883 0.025804386 -0.165740177 -0.479330540 -0.025287047 0.999666095 0.005233250 0.488868266 0.165819570 -0.000967408 0.986155629 27.820178986
0.984650731 0.027927216 -0.172300056 -0.494253635 -0.027124938 0.999607086 0.007011854 0.490943491 0.172427952 -0.002230051 0.985019386 27.901277542
0.982236803 0.026369985 -0.185810059 -0.523232460 -0.025239106 0.999644816 0.008454291 0.493994236 0.185966730 -0.003613667 0.982548475 28.061120987
0.981080174 0.023311811 -0.192219064 -0.536766052 -0.022959730 0.999727309 0.004064604 0.493563384 0.192261174 0.000426434 0.981343031 28.138879776
0.979875922 0.020337390 -0.198593050 -0.549990654 -0.021397786 0.999765038 -0.003190045 0.493782848 0.198481217 0.007376142 0.980076075 28.213682175
